      	 -7.477923128290 -7.279754798168 
      	 -7.477927269255 -7.279750381915 
      	 -7.477930383488 -7.279751100186 
      	 -7.477911368838 -7.279747094284 
      	 -7.477922071939 -7.279754708400 
     	-14.667738230320 -14.324801339439 
     	-14.667723217856 -14.324782688024 
     	-14.667721421877 -14.324779327496 
     	-14.667714440096 -14.324774538657 
     	-14.667718274853 -14.324790408797 
     	-24.652868657396 -24.348570441752 
     	-24.652840654290 -24.348572194546 
     	-24.652874890083 -24.348576316294 
     	-24.652886211868 -24.348600181790 
     	-24.652854359762 -24.348541659546 
     	-37.842153489710 -37.429226826067 
     	-37.842148635014 -37.429191583075 
     	-37.842191454783 -37.429178149494 
     	-37.842171527073 -37.429177136843 
     	-37.842164010075 -37.429205659331 
     	-54.582923328538 -54.050116299765 
     	-54.583001428836 -54.050104207229 
     	-54.582968279708 -54.050111038789 
     	-54.582930524938 -54.050120131136 
     	-54.582967616710 -54.049894944288 
     	-75.052853742419 -74.558290084823 
     	-75.052829767021 -74.558333437029 
     	-75.052859373303 -74.558308162374 
     	-75.052827558773 -74.558307324394 
     	-75.052848203571 -74.558307134297 
     	-99.711489766460 -99.076315767513 
     	-99.711494063270 -99.076324883072 
     	-99.711516969747 -99.076325045332 
     	-99.711501653798 -99.076308052886 
     	-99.711530140254 -99.076367628931 
     	-128.908098254768 -128.118590072282 
     	-128.908100984933 -128.118560825180 
     	-128.908092363868 -128.118572425371 
     	-128.908095045685 -128.118617506814 
     	-128.908062091874 -128.118560719410 
