      	 -7.478492029165 -7.280033092676 
      	 -7.478519884051 -7.280007593538 
      	 -7.478526378400 -7.280000340278 
      	 -7.478505778533 -7.280051413440 
      	 -7.478511656075 -7.279996924142 
     	-14.668276937704 -14.325276815175 
     	-14.668266213371 -14.325278656246 
     	-14.668275086250 -14.325276528209 
     	-14.668280281740 -14.325282215898 
     	-14.668273284476 -14.325281221803 
     	-24.653677756840 -24.349157175812 
     	-24.653677795647 -24.349157300342 
     	-24.653673723796 -24.349147493268 
     	-24.653671506241 -24.349146393218 
     	-24.653679143467 -24.349152126435 
     	-37.842796140247 -37.429589741748 
     	-37.842792399375 -37.429593866070 
     	-37.842795633588 -37.429593471267 
     	-37.842791733318 -37.429580900510 
     	-37.842786548995 -37.429590304110 
     	-54.583898290175 -54.050834460871 
     	-54.583907173085 -54.050830987466 
     	-54.583904827941 -54.050827914731 
     	-54.583903808545 -54.050829870553 
     	-54.583911019661 -54.050828185993 
     	-75.054403828371 -74.559782277192 
     	-75.054379936290 -74.559756511315 
     	-75.054398770151 -74.559766438390 
     	-75.054387646436 -74.559787982009 
     	-75.054407934764 -74.559769068524 
     	-99.713903833614 -99.078172075844 
     	-99.713883647235 -99.078180540658 
     	-99.713930720233 -99.078170446372 
     	-99.713916990252 -99.078176449550 
     	-99.713946519588 -99.078193022677 
     	-128.915594369113 -128.122916449808 
     	-128.915617892456 -128.122896378697 
     	-128.915603239318 -128.122873573285 
     	-128.915603204169 -128.122861419064 
     	-128.915539854589 -128.122908243102 
