-7.4763526862456615	-7.2799920319294955
-7.4763965974938706	-7.2799780538785557
-7.4764171355253506	-7.2799674064491997
-7.4763898045376331	-7.2799996746307523
-7.4763974004465679	-7.2799694729249822
-14.623406352236113	-14.322817270947423
-14.623376740035532	-14.322815559189340
-14.623400734851106	-14.322814861697598
-14.623387451651247	-14.322823791325508
-14.623382707185343	-14.322817468941217
-24.591420008462450	-24.292050548224541
-24.591411263017793	-24.292055507153684
-24.591413291708481	-24.292057261558490
-24.591404633976975	-24.292022725611794
-24.591427271213348	-24.292029922961120
-37.768097887154184	-37.358154888861080
-37.767981770234265	-37.358158515435520
-37.768087769709780	-37.358167933661633
-37.767952568526333	-37.358149347746640
-37.768104574931691	-37.358170372651131
-54.504382721678169	-53.972782119620319
-54.504396043948518	-53.972826136091690
-54.504352903033407	-53.972768515236581
-54.504358761838517	-53.972836100359430
-54.504475377973776	-53.972784339529326
-74.957670066253911	-74.481342066194259
-74.957644124555756	-74.481302046153218
-74.957647239484103	-74.481213661525942
-74.957777393338304	-74.481336315129681
-74.957675942520282	-74.481334556040068
-99.606541346802913	-98.984185551950276
-99.606332366614623	-98.984150159564621
-99.606413674248358	-98.984148474554857
-99.606229023815843	-98.984248401448525
-99.606447963059395	-98.984341422954742
-128.80515783200235	-128.01918585325214
-128.80517112159228	-128.01911592486158
-128.80505862056526	-128.01921126692690
-128.80516584721875	-128.01908596073105
-128.80503395218329	-128.01915862247472
