   -7.4748352237596913     -7.2796416153733317     
   -7.4749843975565522     -7.2796531282069683     
   -7.4748954736742963     -7.2795755176893513     
   -7.4748347758083256     -7.2795590292854753     
   -7.4748412018653703     -7.2795779922549366     
   -14.621335615840067     -14.321711993048474     
   -14.621378218846441     -14.321458165701324     
   -14.621291714901647     -14.321458189465440     
   -14.621366534993037     -14.321351150626020     
   -14.621249446177895     -14.321668477883478     
  -24.587386060676920     -24.289694460186723     
  -24.587254129808755     -24.289632302327504     
  -24.587322411669483     -24.289648723841609     
  -24.587510101875541     -24.289724208735379     
  -24.587232500376590     -24.289548918175971     
  -37.764238189515659     -37.356599666087639     
  -37.764323108887396     -37.356333154870519     
  -37.764401779752504     -37.356210986134215     
  -37.764314786383480     -37.356318210937474     
  -37.764416191262768     -37.356457807455371     
  -54.501542371658076     -53.970529894785471     
  -54.502107532842516     -53.970331292858162     
  -54.501705662497571     -53.970289575276148     
  -54.501628482488435     -53.970690835599200     
  -54.501719981676516     -53.970100703436330     
  -74.956056671113132     -74.479339826620290     
  -74.955958724058220     -74.479427310296387     
  -74.955851434234802     -74.479294962076381     
  -74.955760313958010     -74.479323536240130     
  -74.955839327223515     -74.478733479547131     
  -99.606199528779470     -98.983685827961310     
  -99.606420998614524     -98.983573948591996     
  -99.606475192162918     -98.983707648539706     
  -99.606285344735682     -98.983693208296472     
  -99.606367598179474     -98.983787627926574     
   -128.79978359902401     -128.01835965537617     
   -128.80002663529243     -128.01841186033249     
   -128.80004104659500     -128.01798689254281     
   -128.80011726369042     -128.01861081790668     
   -128.80010222456474     -128.01811666052689     
