2.34242687303058    -199.1662498628378   0.234743978098786  -0.411147781207952  0.392211417834945  -0.102805910322563  2.45610829252289  1.00012572642388  -0.136607427593653  -0.07650702666047793  -0.312474926087564  -0.756999057604  0.191990524689959  -0.240782017249492  0.09237902622712324  -0.207867019652997  0.09626245089679616  -0.055817474734365
2.3407920450033313    -199.16955860854029   0.23468934533928948  -0.4112348386740609  0.3925712357880354  -0.10183768354930907  2.4561213293392594  1.000080084411651  -0.13660850204484903  -0.07643674910967858  -0.3124426418914387  -0.7571888090702814  0.19192276195427865  -0.24078121068823063  0.09203641509748066  -0.20760826706988422  0.09660412925665054  -0.05584402092903908
2.339127797930603    -199.1684548206524   0.23464071952743684  -0.41140135515067  0.392461524651429  -0.10193290283439345  2.4561268544399044  1.0000489670619948  -0.13663397287501983  -0.07645810668482252  -0.3124301739948289  -0.7573258788900136  0.1918751459382118  -0.24078279291191143  0.09175723498995605  -0.20752707652771785  0.09651728232250163  -0.05594669478688864
2.336426907429115    -199.1673370991998   0.23441843028239334  -0.4120029406870415  0.39233507104515686  -0.10164971996937722  2.456145996656231  0.9999246030454254  -0.13671930281306477  -0.07648798578492919  -0.3124027659387354  -0.7578805686163572  0.1916861640574978  -0.24078663781604154  0.09064242177598668  -0.20710062772006407  0.09647071475424454  -0.05628239949900873
2.3353333527044495    -199.16805956955508   0.2341488247055438  -0.4124934284800961  0.3923710081754694  -0.10118477988949252  2.456142354443094  0.9998360940601753  -0.13678973119158333  -0.07650351004880557  -0.312477748576371  -0.7583164433905514  0.1915524007011051  -0.24078908545276914  0.08973599876862692  -0.20670520456248406  0.09661273337555278  -0.056492542021098026
2.334750270064285    -199.17055750190985   0.23349495776317297  -0.4130449791415373  0.39254978341368624  -0.10110379446055384  2.4560106642438178  0.9998767510906749  -0.13691688752844536  -0.0766348205106302  -0.31318085952603586  -0.7584509029547878  0.1916155681388834  -0.24083190639236168  0.08911576104529015  -0.20639577346313406  0.09718704796869052  -0.05640300806696542
2.334562216471721    -199.17023064012537   0.23374704586308037  -0.4131717773035018  0.3927220859292754  -0.10107642377603267  2.456018925970857  0.9998908973869145  -0.13700169259892064  -0.07671053785896677  -0.3132106418343954  -0.7584164348110224  0.19163478322130187  -0.24093943257963882  0.08898980453009556  -0.20639445566038092  0.09732726260188573  -0.056464848280720896
2.3343551159481035    -199.16965894045381   0.23413775953198623  -0.41345103339258243  0.39307091050952025  -0.1011801096669758  2.456008691952345  0.999943140368205  -0.13719259778166745  -0.07690139282856791  -0.3134054958808573  -0.7582991146281224  0.19170870926010453  -0.2411389001181328  0.08877616024551042  -0.2064094471266108  0.09765677274471264  -0.05655328477085319
2.3341222323193844    -199.16893062014566   0.2345958101356032  -0.41387181258689626  0.39360736356215875  -0.10145147735861804  2.455979144931146  1.0000307481273134  -0.13750130541865205  -0.07722522260521979  -0.3137758888208066  -0.7581130848525034  0.1918312564362417  -0.24137594870868012  0.08847136971117985  -0.20643441806130966  0.09814687849462339  -0.05669882433116509
2.3335441885588373    -199.16830973876935   0.23534927027726882  -0.4146306103088749  0.3950974676355026  -0.10213213728331998  2.4559461881351856  1.0002041379399536  -0.13831685661465923  -0.07810653972066936  -0.31453573303391974  -0.7577545229933338  0.19205213192994036  -0.2414950644846705  0.08784849643513645  -0.20649001396142597  0.09904629100585963  -0.05732691245091627
2.3316074191758682    -199.16813748840548   0.2377709898789518  -0.41725992671989254  0.40144999064231757  -0.1047277854109797  2.45588209700752  1.0008534726873712  -0.14179988413539707  -0.081902912522788  -0.31735444601645973  -0.7564434096317811  0.19282417780200334  -0.24113393475742254  0.08552600939332429  -0.2068454686807411  0.10207519712089586  -0.06029316051274435
2.329642368548089    -199.16907421430653   0.2400371855076314  -0.420414123355094  0.4089538077763359  -0.10744054538571012  2.4558322237271444  1.0016855456140132  -0.14646138907545508  -0.08698565658458576  -0.32063445898673254  -0.7548970278203602  0.1937313551457594  -0.23988129768910438  0.08278420188603355  -0.20799584217684425  0.10490861914982466  -0.06383077221479493
2.328346617160315    -199.17164598084895   0.24136652620864085  -0.422955114544214  0.41517659147639996  -0.10939341081514603  2.455831724871352  1.0024191578831976  -0.1507702515023848  -0.0916708474952657  -0.3232143172820885  -0.7536376802686572  0.19444767712889732  -0.2380566423015873  0.08068718530945208  -0.2095369298418266  0.10685725276955896  -0.06670578112199724
2.3278767259850284    -199.172292415821   0.24142672159974948  -0.4238462552790456  0.41653315688593945  -0.10957287595685182  2.455905716512137  1.0026529577274133  -0.1525344694649299  -0.09350288936109784  -0.32361217551483296  -0.753461101430909  0.1945393988807084  -0.2368868183436517  0.08000478585490586  -0.21074305530066664  0.10706997716685744  -0.06719712553591328
2.3275516880375937    -199.1737346617782   0.2412235644978893  -0.42429892208076303  0.4170844194802196  -0.10941503324474346  2.4559620756661773  1.0028428457180343  -0.15380011152681997  -0.09478919899433365  -0.32373890960130003  -0.7533196178767129  0.19458972093128873  -0.23587218829974385  0.07986982107982792  -0.2119649823314465  0.10712846073547258  -0.06707865818593532
2.3273043984457    -199.1735202929638   0.2410872988198312  -0.42444305140538  0.4165978572833665  -0.10901807790136739  2.456024611264373  1.0028851636469711  -0.1542801492280068  -0.0952037092675702  -0.323423713925134  -0.7534416586013423  0.19450013267980662  -0.23542796634013272  0.07987119543419538  -0.21277588501555691  0.10696244521403207  -0.06654617968313595
2.3269221111403424    -199.1743389135957   0.241219289000447  -0.42546213140995837  0.4170630246593792  -0.10874172046840501  2.456083119622567  1.0031131148350314  -0.1562364723644391  -0.09695490666508279  -0.32376123328022666  -0.7536938673668307  0.19435692161813073  -0.23471816050777172  0.0788567699182716  -0.21459901584156116  0.10798161491043227  -0.0656035646462429
2.3265161824877914    -199.17283749166637   0.24160272936572463  -0.42639103407050444  0.41719887746622564  -0.10844375602218925  2.4562194166124773  1.003318065193969  -0.1580473787587107  -0.09863380405538758  -0.3236097673788329  -0.753810570025287  0.19425034298907773  -0.23384359216398073  0.07817669237585423  -0.21650253510907397  0.1083210726380972  -0.06493677083698071
2.326365775883963    -199.17214440382762   0.24216874523955345  -0.42706659158096016  0.4182009234443245  -0.10873863693954591  2.4562758191218927  1.0034937164267719  -0.159362106759427  -0.09990789651195184  -0.3239415515928686  -0.7537072913151673  0.19427143479909617  -0.23345560970224782  0.07757614207215048  -0.21745743813871715  0.10894758994266777  -0.0650007117073929
2.32616331624091    -199.1712916425456   0.24280543607475466  -0.42759878382983535  0.41927805286289815  -0.1093048164090647  2.456349524842704  1.003686558313547  -0.16105959330699904  -0.1014521476467372  -0.3243488699851896  -0.7537599743557334  0.1941349155305545  -0.2330726096770282  0.07693816542042864  -0.2189209472492426  0.10992909634411821  -0.06465032522473449
2.325962848517661    -199.17124724584977   0.24381202531762985  -0.42824046590112597  0.4216882359626622  -0.11019981039141928  2.4564584183551847  1.003900953941329  -0.16330102222630935  -0.10355150859598095  -0.3250847561232153  -0.7537968850313372  0.1939585696937334  -0.2325680874482955  0.07587832812823705  -0.22034042650912122  0.11123806714097853  -0.0650651845887622
2.325699108538773    -199.17151604741912   0.24405456883648666  -0.428049253279496  0.4224533716264887  -0.11067247044075819  2.4565468758006275  1.0038958082699208  -0.16442292818980528  -0.1044169912858619  -0.32525595038915006  -0.7543036141335762  0.19350543610591625  -0.23240807452972537  0.0753943991401491  -0.221374437104138  0.11199233379287987  -0.0646877925172273
2.324557231171244    -199.17361518644546   0.24464766646183117  -0.42658615397325156  0.42526510065429585  -0.11236502411318214  2.457119116706734  1.0035624729164085  -0.1700970175118077  -0.10847833190215028  -0.325494389179765  -0.7579932229505726  0.19039070415596038  -0.2316723541215445  0.07286255825514035  -0.22708667632903418  0.11551563601180984  -0.062281508771298066
2.323157169149177    -199.17694563514607   0.24514597533897628  -0.42643129909240673  0.429065451242724  -0.11399997126669272  2.457750492278612  1.0031173226678087  -0.17781790269871753  -0.11432988170840601  -0.3271117408432011  -0.7624582154027231  0.18607872246772536  -0.23178351246043707  0.07075793812090192  -0.23487674005397186  0.1197913309189848  -0.06128042627666076
2.321149707059553    -199.18816327595627   0.24370604349495797  -0.42099945914549297  0.4315614657994081  -0.11537563329759226  2.4599556999794334  0.9997586656909729  -0.1960584394449202  -0.12552073083292745  -0.3288119292527436  -0.7806293755854506  0.1686886345095892  -0.2367101004626945  0.06987481108651608  -0.2587474258133726  0.12958787097261806  -0.056202240060929824
2.3202599104752006    -199.19346790412516   0.2463500019336464  -0.4265530126840016  0.44348004771098687  -0.11927682805383909  2.4605029515882535  0.9999737986920626  -0.2109247679392188  -0.13845623494675183  -0.3356929844829833  -0.7851459166926243  0.16372489251630057  -0.2368060818545791  0.0640380515110303  -0.26975994592080454  0.138292413024049  -0.05995882139826484
2.319257774742275    -199.19044079885987   0.2451450890069906  -0.4254169261963169  0.43794083762865765  -0.11690791203771192  2.4599970137083615  1.0001600589290847  -0.20255639675215356  -0.13175496886864752  -0.3330055101061413  -0.7812697343809462  0.16744401625415495  -0.2367003198152977  0.06741719277564537  -0.26259495797608134  0.13306404335297847  -0.0600685802795417
2.3190802414033316    -199.1907338660256   0.24497924420682723  -0.425861446287299  0.4375887519732888  -0.11638749906833024  2.4599788241330374  1.0001855028505915  -0.20257940233530985  -0.13186501922388408  -0.3330901906278619  -0.7811115670163613  0.16744191301550648  -0.23663928340737933  0.06795617837072918  -0.26285945997271426  0.132639779028632  -0.060468051946217384
2.3189960101488913    -199.19122175938577   0.2450268690246786  -0.4261154267572155  0.4380983244551774  -0.11636628665236562  2.4600654094238754  1.000101054315281  -0.20380708365707945  -0.13286194805028886  -0.3334981221862941  -0.7817581841640627  0.16664603700257996  -0.2366330342060948  0.06819469634278341  -0.264274611445623  0.13286392054298  -0.06100415174600849
2.318969108084258    -199.19298389866043   0.2453166583498096  -0.4271022074987083  0.43980114891332683  -0.11670967247430455  2.460085210457878  1.0002211052936494  -0.20617447390928362  -0.13495513651857866  -0.3347325493076966  -0.7823709558063894  0.16593462419306299  -0.2361793275019129  0.06760396601314995  -0.26623659073030204  0.13404969528408878  -0.061579035524915365
2.318901717165378    -199.1924061629801   0.245441764783106  -0.42682368224024436  0.439681007283308  -0.1168205122470053  2.4600844865951665  1.0002179553681787  -0.20597560660868383  -0.13473170935301293  -0.33455077857368365  -0.782400336908855  0.16597685437514528  -0.23606973341280696  0.06754918312285262  -0.26609917509368264  0.13399778831013404  -0.0613485341395206
2.3188312143889362    -199.19207666301952   0.2457344017163664  -0.4266556954344548  0.4398979680029542  -0.11703290666021707  2.4600675079047174  1.0002496256532842  -0.2063010422082861  -0.13491688691451934  -0.33465288126886156  -0.7826911308973526  0.16580462803941673  -0.2356746985967261  0.06731726928273528  -0.26646093477459226  0.13422845824121857  -0.06112911757807753
2.3187128033741007    -199.19188753317425   0.24631243562192956  -0.42658351278108997  0.4403979698933094  -0.11732604628766898  2.4600010924934317  1.0003215956621243  -0.20721720756313483  -0.13550117651490098  -0.33515520547755756  -0.7834291218696914  0.1652886593369003  -0.2348446751515936  0.06691361378639804  -0.26749094969901327  0.1347897285585776  -0.06087551512240273
2.3184464777772815    -199.19176347369606   0.2476279558968639  -0.42665295037843165  0.441307512702996  -0.11773645118285131  2.459782557428404  1.0004676242538382  -0.2093740832891399  -0.1368132227089485  -0.3366364824171273  -0.7853852542846234  0.16384888614859897  -0.2329823628168195  0.06621984864396811  -0.2701216325123388  0.13607557479062657  -0.060466078527855606
2.3179544613609804    -199.19187229706108   0.2504582156516534  -0.42728937659186295  0.4433422957461253  -0.11836453188404844  2.4592825627362918  1.0007769775525246  -0.21411763339892173  -0.1397758838194033  -0.34017574798580075  -0.7895357709796126  0.16066783901176862  -0.229362208756426  0.06496758650053004  -0.275882941091631  0.13884994981028026  -0.06008116628893842
2.3178271603935023    -199.19077154735993   0.2510827381741562  -0.4273419406294652  0.442200101110528  -0.11800074133581182  2.4588647110789683  1.0010179915230586  -0.2135096689035302  -0.1389516778984662  -0.34097786955443826  -0.7900050459128407  0.1605714050196735  -0.22788433381967674  0.06551649838180748  -0.2761891507973124  0.1384790725077977  -0.059613362849258875
2.3172187293430135    -199.19140591280947   0.2546631681738797  -0.4284203445264982  0.44452620534938864  -0.11842704341070642  2.4581933248125196  1.0013231262019673  -0.2198790965622815  -0.14286348348266217  -0.3459290840921357  -0.7958176023970407  0.15591376102699409  -0.22375089310454566  0.06441449914611311  -0.2842969997969575  0.14211354499668982  -0.05934152404896811
2.3167465334117203    -199.19231530819496   0.25745758582943895  -0.42993470609345014  0.44629053530355817  -0.118472263171458  2.4575792106618377  1.0015351602805318  -0.2252806879962085  -0.14621161131469756  -0.3505287716269917  -0.8007997615629796  0.1518001838591967  -0.220876722945066  0.0637586209616136  -0.2912366126734249  0.14516255427865826  -0.05957610578720543
2.3164920840562053    -199.19185788485441   0.25824735621883  -0.43004736048089226  0.44508401327641106  -0.11773646383116543  2.4571661591155114  1.0015074746923542  -0.22531421128815496  -0.14556356485781932  -0.35193643061921537  -0.8026041613436278  0.15037492394790608  -0.2203355334467183  0.06476562436002026  -0.2927507941211206  0.1452027674746918  -0.05952296565183466
2.3162917255279005    -199.19215123997185   0.25868650312225405  -0.43059920528476203  0.4450838160229982  -0.11747527145634434  2.4569764102844545  1.0013952954673944  -0.22646583298304895  -0.1461087396487291  -0.35338573107822074  -0.8043174690848672  0.14881940487209763  -0.22042499192729964  0.06518520072686573  -0.2946369294009952  0.14577140108343659  -0.06006431576477723
2.3160268784190468    -199.1921828487283   0.2588023442439287  -0.4303040297896008  0.4445425093199809  -0.11735788552875472  2.456798713455285  1.0012175875312894  -0.22615436659292598  -0.14541695023691745  -0.3540554494416552  -0.8055048587744558  0.14781793517411015  -0.22101828100522852  0.06594057592310147  -0.29509285695085585  0.14582448781418472  -0.06020659188247873
2.315572296719198    -199.19207314827923   0.26196847269859347  -0.4301666689857483  0.4460037883419693  -0.11816766394513897  2.456025017608451  1.0009863144713467  -0.23087743581584966  -0.14732774952478198  -0.3590389459895883  -0.812973453680147  0.14182486426291677  -0.21893938813993646  0.06603983587017648  -0.3023198387515223  0.1490752690074116  -0.06043998208461372
2.315220681606158    -199.19223269665352   0.262223417694995  -0.42898009372220147  0.445263942179272  -0.1183468197722842  2.455727368586804  1.0007584988406555  -0.22979386633659343  -0.14570295961195454  -0.35965335420370137  -0.8146583057474247  0.14062142848117792  -0.21945593918933948  0.06703712535746631  -0.30230710886045853  0.1491295369794775  -0.0601433662156665
2.3150185013596007    -199.19358846039614   0.26282625637325696  -0.4285355950892865  0.44580390219290633  -0.11875626288220603  2.455438294728321  1.0006706483750079  -0.23057504640421322  -0.1457096152921591  -0.3610304850891592  -0.8169162760982828  0.1389669550117916  -0.2188980110491468  0.06716218039342746  -0.30370365404384014  0.15005896668628427  -0.060134929488119174
2.3149173471257987    -199.19418291900405   0.26359397053926553  -0.4284488731218904  0.4461449549579825  -0.11892736092918393  2.455125717525732  1.0007362541954423  -0.23120354238287172  -0.14574633679908855  -0.36220244012219316  -0.818633465511902  0.1378303586522425  -0.21779677320023477  0.06720926382016597  -0.3048654046968458  0.15066957706658077  -0.06009737171788127
2.314824744955824    -199.19411471297397   0.2640370768453788  -0.4284964438148344  0.44590673274284875  -0.11882269406078307  2.454805357037235  1.0008743125221384  -0.2306250878111607  -0.1450047077620038  -0.36272934307977883  -0.8193668134721394  0.13758527399543646  -0.21694826948886634  0.06757668091795876  -0.30468040996916707  0.1504906800566548  -0.06015364813808845
2.3146755162933634    -199.19340363832498   0.26441177642717173  -0.4287064851042007  0.44551507824261394  -0.11865333764072773  2.4543609211105637  1.0011481603985635  -0.22867892774558335  -0.14326900626682174  -0.3627995362477875  -0.8195070429639336  0.13810018529433443  -0.21635940628681682  0.06832934518698312  -0.30296783651143644  0.1496240278212076  -0.060426523958238124
2.3144885157098622    -199.19149977583518   0.26550660795507824  -0.4294837959027372  0.44492302943442236  -0.11846884363903044  2.4534667946792204  1.0018493479821848  -0.22608116645789011  -0.14091280528145125  -0.36354269438278813  -0.8197770401275792  0.13900580572412904  -0.2144819946450155  0.06939257741767042  -0.30096513458664526  0.1484735665322958  -0.060489645760154975
2.314361131438756    -199.19141421912684   0.2671155055206283  -0.4312074216378143  0.4467591351373742  -0.11875514460975843  2.4528120766772266  1.0023861313397622  -0.2272685803016642  -0.14164754511303207  -0.36578680831623306  -0.8216830754789873  0.13804687005030772  -0.2132242869774822  0.06947558504593525  -0.3023698921450479  0.1492762667389474  -0.061405164389693054
2.3141347708266897    -199.18957547464709   0.2674567132138741  -0.43233381024978096  0.44728306471913587  -0.11905673037242387  2.4522879307732817  1.0031080148557634  -0.22492471327338992  -0.14016284836832307  -0.36560381974016093  -0.8202853222280204  0.1400576581444484  -0.2128731150235583  0.07000507174136844  -0.2995544073597202  0.14809489157351133  -0.06170856606861654
2.3140122284852453    -199.18832165040055   0.2681025593985355  -0.43333393857234087  0.4484599840681558  -0.11953146535783905  2.4519664570345867  1.0036184732860995  -0.22476248935326898  -0.14027764277228136  -0.3661132646863201  -0.8199503460248736  0.14076326871460793  -0.2127253181919983  0.07005982031496046  -0.2991636170456696  0.1480171994725787  -0.06190309840403012
2.31397737270206    -199.188453059454   0.2685056083582036  -0.4337033500529365  0.4492449128525185  -0.11973595301052549  2.4518506410758603  1.0037592362721355  -0.22576939625466177  -0.14104083971944925  -0.36684158621560137  -0.8206603266250764  0.14024760885763557  -0.21247800342181228  0.06992998149159217  -0.300336220180395  0.14844488307684575  -0.06197729233012698
2.3139353999306778    -199.1885502844919   0.26898090707744593  -0.43407924858367786  0.45004833996083293  -0.11987144403306323  2.4516253013413754  1.0040161144933153  -0.22674236687101895  -0.14170487069194765  -0.36761011393174925  -0.8217370825125072  0.1396287696152333  -0.21205772837823178  0.06993843671115914  -0.301759424130644  0.14872124517378993  -0.061895014153328834
2.313920329210354    -199.188727875265   0.26938699333824306  -0.43433305974325753  0.45080626117388134  -0.12008920985999094  2.451461575236254  1.0041405781034298  -0.22775439568604303  -0.1423453967448056  -0.3683787133428032  -0.8229644006258043  0.13879884052691088  -0.21181541459589878  0.0698814092790211  -0.3031229824443173  0.14915632484921637  -0.06194612859135215
2.313898068819083    -199.18870588671166   0.26953742052288027  -0.4344338530493209  0.4509431212903017  -0.12005879793663922  2.4512685250101898  1.00432912016478  -0.22769122589235652  -0.14218966083192955  -0.36855679123999585  -0.8235393854860608  0.13864203702616748  -0.2115566031289366  0.07009232643501649  -0.30342688648624266  0.14899600641702365  -0.06179611819579444
2.3138706038619623    -199.1885484174898   0.2695561771704817  -0.4345121731514561  0.45091522445309007  -0.11999016058047113  2.4510362873488316  1.0045708696614883  -0.22716461026485024  -0.14167070162710485  -0.3684591099179949  -0.8240384215168247  0.13869800111782554  -0.2113923320999147  0.0704310501902727  -0.30329743720927055  0.1486037963298774  -0.06156458170219328
2.313820120116158    -199.18826727765986   0.26948866212187417  -0.4347581210289809  0.45096137637936806  -0.11993933248552673  2.450674312604084  1.0050049813618116  -0.22633027289681357  -0.14090204401328504  -0.3681480662830101  -0.8248058405404555  0.1388839157648753  -0.2113011545272365  0.07093895806832724  -0.3030319698762264  0.14803105034041428  -0.061137937444149165
2.3137003593565635    -199.187757392567   0.26931136869149264  -0.4356027660365269  0.451383134543114  -0.11992427678916191  2.449929410362859  1.0060210272932228  -0.2252929575381846  -0.1399064146766386  -0.367491788260467  -0.8268211272586568  0.139028247761424  -0.21128860028787758  0.07191387812271065  -0.3032743004761542  0.1472206582137121  -0.06010128462762899
2.3135324352089435    -199.18747407302612   0.26964526975776376  -0.4376202251069917  0.4534266125509511  -0.12048922593204871  2.4486779220316093  1.0078055096525473  -0.22561263852504757  -0.1398721169520483  -0.3674665936326605  -0.8311954570387452  0.13829919383657507  -0.2109963193102533  0.07322337104359233  -0.30561776989797507  0.14730723729268314  -0.05879667058247389
2.3135064411210715    -199.1866931779058   0.2696346268739963  -0.43788096096434825  0.45337488029934797  -0.1204345128141636  2.4485114658046534  1.0081788725548035  -0.22548104670146574  -0.13976653198295508  -0.36696188508630584  -0.8316874062058114  0.13844498565129928  -0.21097536832001842  0.07346657971111215  -0.3059677523054224  0.14712122326445912  -0.05834679425426067
2.3134403341332592    -199.18723257570207   0.26994070544956156  -0.43892380597955716  0.4549035365796274  -0.1209780652875788  2.4481148374843675  1.0088348392523747  -0.22699914902675833  -0.14085099638570273  -0.36741984147248463  -0.8340821916954408  0.1374459066496344  -0.21100404524727753  0.07362857128766426  -0.30814558608563286  0.14818654787272773  -0.058071720713163924
2.313429335123417    -199.18716979247833   0.26982234730797977  -0.43898210349790345  0.45483527529053347  -0.12102000255005703  2.4481078179322826  1.008957463467002  -0.22697236408811472  -0.14090570785683543  -0.36722029425130237  -0.8339062891292639  0.13768929318932954  -0.21096017704757092  0.07359672142382154  -0.3081134076333766  0.14824025933115803  -0.05801673115969536
2.313419205882283    -199.18748572220136   0.26993209972402593  -0.4390220066098491  0.4551538319765736  -0.12115460563850076  2.4481991228246405  1.0088847933837028  -0.2277301792074248  -0.1415097398125095  -0.36747369772587046  -0.8341210906620365  0.13733657144459038  -0.21101609468483673  0.07333369645205501  -0.308752440511991  0.14877810950880926  -0.05819437424089373
2.3133888918000087    -199.1880091846217   0.27009742609211373  -0.43929935511811036  0.456075916589352  -0.12143752832525262  2.4480671153812024  1.0093375819015162  -0.22913217795451515  -0.1426346353251168  -0.3677504554799712  -0.8351366035151764  0.13692735103609435  -0.21092123955972117  0.07289600925818078  -0.3105012751773485  0.14963980011368744  -0.05821033587529262
2.3133587901049952    -199.1890234178341   0.27055824113022814  -0.43976084052062553  0.4581232164879375  -0.12206036659889433  2.4477001041688062  1.0103674943003322  -0.23206741361120747  -0.14492851591278313  -0.36855684354322227  -0.837470504253942  0.13601164228992468  -0.21051020373800786  0.07187302906942729  -0.31428250183972506  0.15134185544650744  -0.058413518988868623
2.313346794576263    -199.18913767989523   0.2704666840955091  -0.4397797735961216  0.45820920605099286  -0.12206615692526443  2.4476494218392695  1.010675936943875  -0.23223502907880378  -0.14516292905106493  -0.36828637943055564  -0.8373649858446329  0.13635924893255938  -0.21042056705408474  0.07168070702342796  -0.31457738806708685  0.15149377947344098  -0.05835145308732071
2.3133394647639243    -199.1889440960261   0.2703782813291141  -0.43964141718339944  0.4578561884274926  -0.12196302029046992  2.447678637788529  1.0105952544303183  -0.2316763750178587  -0.14473743474006942  -0.36809628399413863  -0.8369239278469791  0.1366453206538181  -0.21042212796120155  0.07178298641887977  -0.3139181382084493  0.15118593438719466  -0.05835770509937178
2.313250514523346    -199.1882326839675   0.2704127648700639  -0.43944344075807873  0.45771197393333085  -0.12210978180087119  2.4471657119416466  1.0116745630113884  -0.2302321369080685  -0.14366541559834872  -0.36763798339458953  -0.836503278822869  0.13815069521945672  -0.21034911820580948  0.07163958196198472  -0.31296608758873645  0.15107632555764106  -0.05896147298263805
2.3131714664838503    -199.187485101621   0.27060055071952277  -0.4413913118275337  0.46000192995902656  -0.12299786738428953  2.4438745230039465  1.018034700184423  -0.22757053809872313  -0.1415030210825249  -0.36604830434416263  -0.8415073592342973  0.14187620422090028  -0.2091502730905205  0.07206957207789005  -0.3148913610755802  0.1518446209417875  -0.06017575252442475
2.312982439551822    -199.1868177196306   0.2708811917371704  -0.44113513756687495  0.46050441827990923  -0.1233028607664854  2.443109828427092  1.0198310084273394  -0.22740047961203982  -0.14145321175374523  -0.36635984353916345  -0.8416521014823805  0.14330154515667823  -0.20943679022829145  0.07135401491904406  -0.3159733810398734  0.15253898413427608  -0.061463252035130644
2.3128395128543793    -199.18711917730846   0.2711646509605733  -0.4416353890253819  0.46194751823201113  -0.12373453873697705  2.44172583076258  1.0227525544050264  -0.22803276873461203  -0.14192399397136626  -0.36691378016442305  -0.8439935476515702  0.1443538131421165  -0.20946603734545285  0.07084111639617298  -0.31901151551908186  0.15384144079074508  -0.06296596677446292
2.312789679120176    -199.184933620553   0.27149297612594153  -0.4444484007106116  0.4655762207810224  -0.12459567594291113  2.4369202875499365  1.0331153303644074  -0.2279537352248434  -0.14200715452948331  -0.3655652557882351  -0.851976415996744  0.14916130490500304  -0.20938345215584028  0.07063534102088156  -0.32761949579381655  0.1563072242064411  -0.065875543507975
2.3125832308672924    -199.18669825958642   0.27149925104962574  -0.4442393118275374  0.465716986908611  -0.12455626509428853  2.4365794861511114  1.0333026145131539  -0.2275362566101698  -0.14140109107461135  -0.3665646870498815  -0.8527901400824098  0.1487859955483714  -0.2092643877699028  0.07086997679589808  -0.3275575166112433  0.15642364390195598  -0.06678105881874928
2.312533483727773    -199.18658828297936   0.2710469272077695  -0.44442193346093467  0.46520007741837105  -0.1244162431034683  2.436119026186485  1.0342197713899408  -0.2261783796482205  -0.14038667980967995  -0.3658098640821427  -0.852873620863662  0.14987449311026704  -0.20912105221606145  0.07132051229845707  -0.3268872410882798  0.1559879562047765  -0.06688763391131776
2.312499082789429    -199.1863760785891   0.2708616488778129  -0.4447004315225109  0.4650993142830281  -0.12424399717441494  2.4352495140887918  1.035880077308864  -0.22497199039060528  -0.13936173741373442  -0.36529286233082137  -0.854035021549938  0.15091934706187835  -0.20907165847842527  0.07177071292439689  -0.3272267711453746  0.15574461052548744  -0.067440101514246
2.3124738102037203    -199.18608135706302   0.2706763263491826  -0.44472018939820945  0.4649533269659503  -0.12414519840857512  2.4346832215541108  1.037173002351352  -0.22432635667438627  -0.13887636046870858  -0.3648014559154029  -0.8545605887055162  0.15189290107437411  -0.20906106039641417  0.07179806715237701  -0.3276909763212831  0.15573675990292857  -0.06789484662437695
2.3124142263660192    -199.18576300031373   0.2701876404136042  -0.44441646371600346  0.46439039731779624  -0.12390646371244167  2.43362473735984  1.0398688238148128  -0.22314436800983653  -0.13802711959160152  -0.3636562883638419  -0.8553079662554985  0.15405903380298372  -0.20914099751671658  0.07157586703015675  -0.3287700037901825  0.1560376199893495  -0.06893684545123124
2.312359605898391    -199.1856380578765   0.2698233169710564  -0.4436452529563663  0.46362260413545153  -0.12366533043907173  2.432868263512164  1.0418289010992372  -0.22236349443448075  -0.13732309635626494  -0.3631627703232327  -0.8560477477944641  0.15538335223077784  -0.20933019278768156  0.071162460323943  -0.3298584457156457  0.15644320153447422  -0.0702689252311303
2.3122861271294095    -199.18598192231485   0.2694931490256156  -0.44278370145302604  0.4628572336670226  -0.12348622700170417  2.4327275931267205  1.0426505559096695  -0.22220099930743556  -0.13721260279018016  -0.36278106253962084  -0.855762574972766  0.15619106769415886  -0.20956888913053395  0.0706022611180853  -0.3304200658791172  0.1569986772348372  -0.07098947828313713
2.3121863520123243    -199.18709345785715   0.2690961303499948  -0.44102209774034984  0.46149873946153147  -0.123266422048012  2.4331077406406605  1.0426695960175816  -0.22273025739270474  -0.13753049737694287  -0.3628041041872056  -0.8549984899720307  0.1562706668135581  -0.2101074118903537  0.0695777884055744  -0.3311770123525652  0.1581718959653102  -0.07192317867328128
2.3121350084442964    -199.1875058286613   0.2689962498891696  -0.44041294595192526  0.46101296537883485  -0.12323785616911773  2.433105055528665  1.0428055534832794  -0.2227514577655536  -0.13737194412094342  -0.36293198610149235  -0.8553858857221825  0.15602331283174478  -0.21041093987427228  0.06951932759629685  -0.33161230415628773  0.1586198184578576  -0.0722502084529349
2.3120365442627575    -199.18787105460314   0.268854938116664  -0.4402354364975095  0.4613242199822165  -0.12352801668835282  2.431407835042036  1.0463951453644167  -0.222231457389828  -0.1364917335151464  -0.36279967179863126  -0.8595348894664536  0.15671809461266414  -0.21100840312737124  0.06989272202252385  -0.33491336981347414  0.15995227842081144  -0.07343684422110326
2.3119677992794405    -199.18813325686696   0.2687089377532045  -0.4401009439720489  0.4615897682046541  -0.12378010482303214  2.430613717250521  1.0482309827693677  -0.22213731004285003  -0.13609019093405036  -0.36232949529228864  -0.8624485890420371  0.1566542768762075  -0.2113769793072498  0.07017341554685871  -0.33687815876191046  0.16076072632975505  -0.07344366321665782
2.3119419994710144    -199.18852289304562   0.2685405575045598  -0.4401663315026341  0.46212043898723315  -0.12392795233641365  2.4295937970336445  1.0503386005633142  -0.221704497201367  -0.13550664963990466  -0.36206180609580346  -0.8651413214052522  0.1570290177556323  -0.2114810431319876  0.07056782167580734  -0.3386647188769091  0.161008660910779  -0.07366842208766794
2.3119194928791544    -199.18785102583385   0.2683990047075421  -0.4407201591814274  0.4626805863330459  -0.12418221711524369  2.4289441398580527  1.05188017288624  -0.22134974370640603  -0.13524819168909283  -0.3611746616229476  -0.8668038998402843  0.1576542389270584  -0.2114441626999104  0.07091183127878735  -0.33960842873298985  0.1610348864182377  -0.07311108069270053
2.3119131121824688    -199.1878485602087   0.2684521136366146  -0.44073963603363725  0.4626883252739512  -0.1241087769708417  2.4291223727273894  1.0515182443583009  -0.22144169960355037  -0.13536569517219962  -0.361220551609866  -0.8664046236497446  0.1575641064522866  -0.2113787628730068  0.07081297262257974  -0.3393041139527964  0.16088692498374133  -0.07302234437215693
2.3119114345154204    -199.18783228575808   0.2684496020597026  -0.44077755720489536  0.4627433628912678  -0.12410917663942281  2.4290841870840505  1.0516230546638559  -0.2214595447685621  -0.13540420011168997  -0.3612159876323607  -0.8663972903262908  0.15766302269745863  -0.21135895069316257  0.07076637874820844  -0.33937384028326023  0.16088776032003776  -0.07304991455066763
2.311907907781448    -199.18789097508346   0.26841997648546634  -0.4408918335911194  0.46292755151842635  -0.12413336486812229  2.428967425045304  1.0520503954470166  -0.2216115080102198  -0.13555449947965942  -0.36119656974105846  -0.8667842307836937  0.15778704798172263  -0.21136932993027172  0.0706411978199499  -0.3398200706853731  0.16101415395134644  -0.07300457914843503
2.3119066179314136    -199.1878855127642   0.2684068280557568  -0.44085315357766314  0.4629641315635433  -0.12414614845710491  2.4288742963375816  1.052424330469867  -0.22167324491286267  -0.13561094721201966  -0.3611422689959512  -0.8670616314451374  0.15791200706154174  -0.2114005304763081  0.07058846593663058  -0.3401931515442306  0.16115093066455724  -0.07308239753729365
2.3119059948913265    -199.18791684559773   0.26839983268125694  -0.44075143982417303  0.4629248492053  -0.12413665355229665  2.4288793608065995  1.052545011603322  -0.22175532992619382  -0.135672919165777  -0.36116396310821647  -0.8671509706804268  0.15791329212890814  -0.2114235795417284  0.07051538061991802  -0.3403824548435957  0.16123764259999382  -0.07317197631491332
2.3119052745162283    -199.18796878588645   0.268389772677653  -0.44069795001968237  0.46290818951464124  -0.12413967704592489  2.4288774988254174  1.0526709405563248  -0.22182157713461997  -0.13571999106247248  -0.36115429616103184  -0.8672986236129924  0.15789731744758945  -0.21145037357413965  0.0704921248873953  -0.3405597425384592  0.16133145344447303  -0.0731922980280655
2.311903747234957    -199.18811886006972   0.2683710164449472  -0.4405801324820909  0.4628446576202101  -0.12413091768299753  2.428975380662329  1.0527572869427708  -0.22200779668720794  -0.1358743259795833  -0.3611686938920678  -0.8674456093005884  0.15778413319636286  -0.21147609211616722  0.07043583501742921  -0.34078852637946516  0.16148361959821345  -0.07318891264049611
2.311902165466521    -199.18826681487914   0.2683671540624295  -0.44049838049545526  0.46279113523708526  -0.12411267153103957  2.429130272396011  1.0527512434524924  -0.2222110412921395  -0.13606158754724573  -0.3612195657525462  -0.867495611974226  0.15763402412244104  -0.21146845629358635  0.07039486439653714  -0.3409148421032466  0.16158032264676186  -0.07315942476573595
2.3118995451898443    -199.18844850747948   0.2684027146087622  -0.440451159284993  0.46276290005651105  -0.12408716726993854  2.429389298892822  1.052703525874618  -0.22251736589168042  -0.13635239559226614  -0.36136279273172617  -0.8675785980482302  0.15735464107413952  -0.21143542872108675  0.07038556668520864  -0.3410427101203637  0.1616669204718408  -0.07308887174914246
2.3118953454624465    -199.18860543692398   0.2685618470202235  -0.44047346522353964  0.4627467827662814  -0.124046696356089  2.429967714200076  1.0523768933287574  -0.2230878583300286  -0.1369210176587555  -0.3617365818202494  -0.8674765540394389  0.15676836453448043  -0.2113531952587681  0.07039559166522448  -0.3410080915436931  0.16172970182795887  -0.0729009728782548
2.3118939568492407    -199.18882065906845   0.2686302171543501  -0.44041078126027156  0.4627609203460208  -0.12402759712759039  2.4301986803704705  1.0522935732352052  -0.22333041370316165  -0.13715344824254663  -0.3619977917168972  -0.8674589366950882  0.1565220064818893  -0.2113088127990269  0.07037538178918287  -0.34104012721316634  0.16176326757552675  -0.07292691393368587
2.3118909147202062    -199.18879040727495   0.26878534027322376  -0.44054742298979915  0.46287643838193676  -0.12406222545281821  2.430530445404632  1.0521805444400294  -0.2236396777973517  -0.13748388293047653  -0.362287156860256  -0.8675008600861702  0.15616844796810875  -0.21123331593557457  0.07046564787220991  -0.34099299207721184  0.16175667751511102  -0.0727639139708218
2.3118880016392    -199.18871117356005   0.26893287234635077  -0.44068850055134356  0.46301285047049867  -0.12407646775919033  2.4307233813594644  1.0520756131552484  -0.22379468413785253  -0.1376616745773581  -0.36251956169401967  -0.8674754585892726  0.15596351538764544  -0.21117290762267393  0.07051628238466019  -0.3408773383755623  0.1616883061498651  -0.07267862685556419
2.311881223499479    -199.1886726406393   0.2692124087114085  -0.44090180130124584  0.4633970493551356  -0.12418320588336289  2.4310427240086923  1.0522921356182142  -0.22414868725916123  -0.13804048940836794  -0.3629202006540622  -0.8679209591867265  0.15558093368369696  -0.21103613515077896  0.07061614254520943  -0.34100303228439593  0.16170389573255292  -0.07249905508012927
2.311872155114084    -199.1888890522477   0.2697042913803045  -0.4411217511696262  0.4640315039808804  -0.12436790128283687  2.4317708160826923  1.0528923986166523  -0.22501090164453683  -0.1389060112935563  -0.36367896373602704  -0.8690370933863923  0.1547315004561444  -0.21077761557653685  0.07068059429274019  -0.3415108988308473  0.16195472602814454  -0.0721612798586397
2.3118684980051505    -199.18901894220755   0.2699041544585672  -0.4411270186200144  0.4643487341704779  -0.1245158473504692  2.431962001081989  1.0535834498705285  -0.22535132797738208  -0.13922449170856127  -0.36397682964683215  -0.8699020368939524  0.1544843455554809  -0.2106798555317067  0.07066927451949417  -0.342060187521789  0.16222517520361837  -0.07207167802492026
2.311867970176246    -199.1890460921792   0.26994592473962925  -0.4411679246077302  0.4644059080401218  -0.12453453887451282  2.432019323571014  1.0536565072231132  -0.22540517091013282  -0.13928480521264777  -0.36401642651860805  -0.8700098322225168  0.1544272985474414  -0.21064930888745462  0.0707018440381886  -0.34209406704525996  0.16225133369739994  -0.072012246854636
2.311866964418175    -199.1891489333558   0.2699445628621853  -0.4410738241354213  0.4643966505188294  -0.12455349974550096  2.43204568633153  1.0538741402705172  -0.2254915632520572  -0.13934850061458923  -0.3640323936452062  -0.8702392553884754  0.15440227495055492  -0.21064592043303199  0.0706445242966459  -0.3423139852068966  0.16238633397136132  -0.07203204901460601
2.3118644688457834    -199.1892203118454   0.27001029710017593  -0.44103688276536124  0.46443855868167766  -0.12457813803995557  2.4320957036176387  1.0542560311196423  -0.2255323961499771  -0.13938567339663263  -0.36410287531997704  -0.8705785256276181  0.1543939047078888  -0.21054220954413277  0.07063456652504259  -0.34251776140275436  0.16250072932850104  -0.07209647546011792
2.3118589846792723    -199.18927361102453   0.2701662814435374  -0.44102811000591  0.464481903910428  -0.12461233036450926  2.432169591180868  1.0550859138349156  -0.2255385947660332  -0.13939614674025047  -0.36430388041643336  -0.8712042515690944  0.1544520175744069  -0.21032409669505914  0.07062372238569074  -0.3428842843672232  0.16272199232249837  -0.07225561191636866
2.3118484024349257    -199.18922126267026   0.27058599424481833  -0.4409960825232822  0.4645254445444252  -0.12464651941403221  2.4323586178508276  1.0569388950404108  -0.22552023033927798  -0.13939100795334392  -0.36485017090121136  -0.8724745960122969  0.1546017750008089  -0.20984860022645008  0.0706211606324365  -0.343680043015706  0.16315576638109922  -0.07270652562803119
2.3118427624202367    -199.18945619315025   0.2710297391780854  -0.4410771400141468  0.4646991282961243  -0.12463774508987334  2.4329098150684065  1.0585446811265224  -0.2259429189406773  -0.13981892736290366  -0.36570793153912245  -0.87377331121089  0.1542975616817585  -0.20947598843319687  0.07061000340297861  -0.3445172111869537  0.16355294193774889  -0.0729364168256003
2.3118384204792486    -199.18901899196436   0.27181726343928125  -0.4414798068104533  0.46500822000113023  -0.12474720704805006  2.433728935922068  1.0609110625426954  -0.22638347705451586  -0.14034308356793593  -0.366690766204328  -0.8756876776478725  0.15391505458771362  -0.2088230427030852  0.07089923209607175  -0.34550191580602907  0.16401789199226555  -0.07298630619139079
2.3118322596809477    -199.18903820725137   0.271565857854731  -0.4412879880735843  0.4648037041674776  -0.12465144765111584  2.433348881693388  1.060382270369954  -0.22605165093325832  -0.13998239190005407  -0.3663608150355349  -0.8750498817588221  0.15424443849327862  -0.20904687659806456  0.07080047439008143  -0.3452553871090468  0.16383634129495608  -0.0731755958236944
2.3118308546336053    -199.1890054739985   0.2715220843209168  -0.4412421179480362  0.46475849913984885  -0.12462316116302898  2.433285015009699  1.0603929602087179  -0.22599104492741964  -0.1399130554213631  -0.36631590098801126  -0.8749936369919968  0.15431828592726804  -0.20912178037647128  0.07079019257670399  -0.34529425942023156  0.16380376203729569  -0.07322932957376754
2.3118298984961085    -199.18899412274413   0.2715605743236742  -0.44124295016787046  0.4647940868167329  -0.12462537064724306  2.433364175406695  1.0606418303600136  -0.22605247430255854  -0.13997263687839775  -0.3663875250727217  -0.8752021846983727  0.15427528556491887  -0.2091260123169301  0.07080897524947367  -0.34545703487461815  0.16383595834379971  -0.07323157072342322
2.311827918518949    -199.1890145239579   0.27164666715244423  -0.44128276704523656  0.46491723686222625  -0.12464974860270302  2.4335856465229417  1.061219639368844  -0.22619588046182826  -0.14012172996576094  -0.3665453967271243  -0.8757070810090264  0.15414954340018278  -0.2091012916197242  0.07087358152751871  -0.3457742386643083  0.163900371537464  -0.07319976645503061
2.3118268739985863    -199.18904436004823   0.2717691288695808  -0.4413605237375509  0.4650536304715017  -0.12467948744623221  2.43383841396764  1.0618892190329123  -0.2263371428806118  -0.14027461248203912  -0.36670103091295503  -0.8762915021866011  0.1540194897829111  -0.20903627951105125  0.07095266992092822  -0.3460913035943943  0.1640096617706367  -0.07314266189110172
2.3118236828554193    -199.18913932786   0.2718478303602194  -0.44142285149030464  0.465273383553592  -0.12473378592065855  2.434202051126904  1.0628249858744359  -0.22654938184303455  -0.14049406252220042  -0.366880573971033  -0.8771242108728857  0.1538222716094881  -0.20902748660710688  0.07104202080381976  -0.3465730867076762  0.16410664119759308  -0.07306491689015611
2.311820794144783    -199.18924808981453   0.27188379525191697  -0.44146883768110745  0.4654436336068478  -0.12478793457750496  2.4344715628803857  1.0637260756647076  -0.22663570382109993  -0.14058861065693898  -0.36696460134326114  -0.8778596249719567  0.15374161295787458  -0.2090074718089133  0.07111243220187814  -0.3469609787563147  0.16421050140264282  -0.07303714956482142
2.3118168003948085    -199.18937263123695   0.271817495224201  -0.4414792160932253  0.4655567829932965  -0.124837827322425  2.4346533269578265  1.0648330116975775  -0.22653329519925172  -0.14048944414030637  -0.3668821027052465  -0.8786223722452565  0.15384526700748505  -0.20905642974206975  0.0711664724921766  -0.34735446871408676  0.16432893254398964  -0.07309041825469555
2.3118116741952353    -199.1894741089196   0.27156918987486756  -0.4414325458505849  0.4655363686548901  -0.12486353068297618  2.434658927267331  1.065989940225724  -0.2261513410272289  -0.1401007120480433  -0.36653473419829574  -0.8791959340747774  0.15422588347486807  -0.20926600792183903  0.0712023412015227  -0.3476737159590128  0.16441990433108683  -0.07325116125210551
2.311811674195236    -199.1894741089196   0.27156918987486756  -0.4414325458505849  0.4655363686548901  -0.12486353068297618  2.434658927267331  1.065989940225724  -0.2261513410272289  -0.1401007120480433  -0.36653473419829574  -0.8791959340747774  0.15422588347486807  -0.20926600792183903  0.0712023412015227  -0.3476737159590128  0.16441990433108683  -0.07325116125210551
2.3118111710262297    -199.18934624407984   0.2715892907389826  -0.4414460433835171  0.4655233788946716  -0.12487208893695025  2.4346683094389783  1.0659974669761112  -0.22615161369682  -0.1401013753916547  -0.3665289701391113  -0.879182127384119  0.15422906049396812  -0.20927910115158443  0.07120619648730889  -0.34767536353547285  0.16442165723167554  -0.0732570618617369
2.311810461353736    -199.18934576773904   0.27159742692559324  -0.44144999899077964  0.46552220452004267  -0.1248669035911742  2.434672843280618  1.066001716036474  -0.226151225462373  -0.14010081428995635  -0.36652738965532256  -0.8791738317076806  0.1542312579451582  -0.20928483748534993  0.0712112052243318  -0.34767540907444167  0.1644274384347218  -0.0732578816656887
2.311810137422138    -199.1893233074473   0.2716077334920769  -0.4414579488497017  0.46551755268597506  -0.12486385211860013  2.434680326827669  1.0660088034671074  -0.22615085162366785  -0.14010053591814867  -0.36652592726105876  -0.8791609131251643  0.1542347151542148  -0.20929329638809044  0.07121763434990858  -0.34767514549561124  0.16443453411937908  -0.073260367866754
2.3118099039290203    -199.18931720249793   0.27160926229485877  -0.44146431484008275  0.46551355302982156  -0.1248632722773146  2.4346861213158095  1.0660147566569482  -0.22615062707999603  -0.1401007064457503  -0.36652738859661577  -0.8791512922939942  0.1542374668112129  -0.20929749002394063  0.07122157497445873  -0.3476736835286046  0.16443940981326063  -0.07326283213740463
2.3118090989638085    -199.18931444646137   0.271604407208976  -0.44149078074309006  0.4654975976132361  -0.12486109518740739  2.4347118393412566  1.066040420442841  -0.22615004263627442  -0.14010200755895186  -0.366535662126383  -0.8791131645064602  0.15424806698614377  -0.20930946518232033  0.07123279029810833  -0.3476637625419792  0.16445607294121217  -0.07327725716156169
2.311808114492828    -199.18931986418866   0.27159485190364346  -0.44152294675943965  0.46548153962413824  -0.12485081124648269  2.434752097398276  1.066075553405513  -0.22615008317291974  -0.14010353608275952  -0.3665396413428774  -0.8790666250915851  0.1542588886914888  -0.20931881746700573  0.07123496164085355  -0.34764436913095814  0.16446691702651856  -0.07330837464769926
2.3118051274953975    -199.1893886149132   0.2715498362644441  -0.4415835201409353  0.46545904904801755  -0.12482432950615575  2.434897904406563  1.0662018441950478  -0.22614864855323843  -0.14010543255516583  -0.3665524616447766  -0.8789044563855667  0.15429571193374853  -0.2093299389178618  0.07123210153360011  -0.3475782809649405  0.16446486512406908  -0.0734198405389297
2.311801255251659    -199.1893408041201   0.27151122523627463  -0.44167381237848213  0.4654284537534818  -0.12478163941259955  2.435186920176621  1.0664474437779952  -0.22614147250623046  -0.14009821507759893  -0.3665583379653203  -0.8785953140829768  0.1543651137786483  -0.2093672851295562  0.07119451555801735  -0.3474515313288059  0.16443946207283855  -0.07362370745948689
2.311797067280888    -199.1894829018925   0.2714339399447359  -0.44169095597949765  0.46544363550055184  -0.12475420535316949  2.435454197718576  1.0666774804041272  -0.22612859256253026  -0.14008073932332032  -0.36657904667151814  -0.8783230653594541  0.15442811981776056  -0.20937200682370813  0.07112583279432638  -0.34732291094297274  0.16438612780845152  -0.07379197014785921
2.311790316735073    -199.1895093651927   0.27136944056501444  -0.4416673946918073  0.46548070270652914  -0.12475384557920567  2.4358716986930307  1.0670372649804882  -0.22609575899447087  -0.14003029097929848  -0.36659598670780674  -0.8779085262611935  0.15452764241412606  -0.20940108337660351  0.07098497201939552  -0.34711946846144265  0.16431407395161307  -0.07399175812688104
2.3117814706990716    -199.18953736798198   0.27129443616657895  -0.44157209527009395  0.46555929930578266  -0.12478653450864227  2.4365095560238745  1.0675862517044927  -0.22603055985647794  -0.13992580345197334  -0.3666098066823554  -0.8772997183221634  0.1546766434679147  -0.2094503683784254  0.0707258354341377  -0.34679064910970664  0.1642297012137758  -0.07422329577142396
2.3117703776410434    -199.18963666261675   0.27118404471121266  -0.4414869222271596  0.4656028168777171  -0.12485293519613569  2.4373466917042825  1.0682874667042532  -0.22593680038535716  -0.13977339000153247  -0.3665699808648693  -0.8765632904406713  0.15484577056004  -0.20950340852836777  0.07039823632444497  -0.3463168320198334  0.1642467484277676  -0.07445434291146805
2.311767169881984    -199.1895153983308   0.2711463438563483  -0.4414324346807889  0.4655963580265998  -0.12492384896255429  2.437729158423878  1.0686017995719839  -0.22588988852023542  -0.1396983349263712  -0.3665224349604775  -0.8762449481632533  0.15491050488677602  -0.20953301990922457  0.07028819784563332  -0.34611723548137263  0.16426083609255324  -0.07450997672519198
2.311760089706738    -199.1896029739805   0.27107368292919554  -0.4413652191774285  0.4655999810069525  -0.12499061467496532  2.4384074952532235  1.0691548099707433  -0.22580530146833647  -0.13955843669693924  -0.3664369604969168  -0.8756946735478575  0.15502562693360739  -0.20957781098119674  0.07004292470036813  -0.3457184623531153  0.16434935841240422  -0.07462467042450587
2.3117590262899474    -199.18958220821506   0.2710789638800137  -0.4413630092989514  0.4655793199581269  -0.12499914269217695  2.4384188306001313  1.0691549876292064  -0.225799941384409  -0.13954869010116133  -0.36640483998879086  -0.8757128756575314  0.15501266922291024  -0.20958106658942566  0.070058673025256  -0.3457119434138657  0.16437735486441607  -0.07458535542521329
2.311757901724444    -199.18956842067576   0.27107538124483815  -0.441360094479714  0.465549892777663  -0.12500163247714707  2.438413858388088  1.0691376148178455  -0.22579607548008251  -0.13954117221958176  -0.3663654933208261  -0.8757599210711718  0.15498710334202573  -0.20958324988213717  0.07009090302425855  -0.34572127888209997  0.16439343646560828  -0.07452870287516533
2.3117550783142735    -199.18955075661944   0.27103589340812945  -0.44134600302411114  0.46548405218873734  -0.12499398905462583  2.438526869037266  1.0692012636646946  -0.22577664122937274  -0.13950711256982484  -0.36627581576191615  -0.8757616194247251  0.15494678711830842  -0.20960464835412718  0.0701293165823335  -0.34569229480362185  0.16438680825319885  -0.0744424491703437
2.311747048820212    -199.18955611856842   0.2708648216898353  -0.4412864510930353  0.4652965567594449  -0.12495622597100065  2.4390338957867317  1.069534376644814  -0.22569992139460698  -0.13937515510658594  -0.366020758346231  -0.8756295315626746  0.15485128108898968  -0.2096931341940319  0.07016733775275416  -0.34552447854824386  0.16431075564999492  -0.07423362212080738
2.31173347379267    -199.18960089858365   0.2704017704887103  -0.4411110284587958  0.4649168633082221  -0.1248476308464229  2.440578330650449  1.0706495141849146  -0.22549136845766926  -0.13903148498754062  -0.3655236076200667  -0.874896411975236  0.15473389446927777  -0.20997715727121952  0.07018598752408106  -0.3450116864002517  0.163977450987879  -0.07394391795138751
2.3117135365196773    -199.18966702663374   0.2697979619620835  -0.44092852428416457  0.4644308485659347  -0.12468934791930487  2.4425947531416914  1.0720963842967342  -0.2252115743850286  -0.13856122283286793  -0.36488960227519485  -0.8739922493989066  0.15457588384162382  -0.21035230364467938  0.07002236626243791  -0.3442475468843188  0.16359462163684801  -0.07359913216227193
2.3116897126531097    -199.1899440010746   0.2689072227432648  -0.44061418983695094  0.46388003005446177  -0.1244678682743779  2.4454644818894953  1.0742225534841368  -0.2248037774464798  -0.13789751689814483  -0.36423344281584297  -0.8725448611229845  0.15442055387515632  -0.2109527235170864  0.06975372831715038  -0.34317388892552314  0.16290105046318834  -0.07326807605986717
2.3116813794580384    -199.18981541667154   0.2685327388118957  -0.44044837340478976  0.46368795285827524  -0.12435020672094288  2.447221420978407  1.0755461001117534  -0.2245508808246359  -0.1374972473444183  -0.3639607058596092  -0.8715341177037197  0.15437790548187474  -0.21137608329755425  0.06949762115611093  -0.3424427205606128  0.16246959338776748  -0.0733757619194504
2.311674463200916    -199.18997933677645   0.26856990597347197  -0.44048324268420436  0.4637749375729677  -0.12438566046185943  2.4470018844291683  1.0754050559692978  -0.2245729296624604  -0.13754315081321622  -0.36411072949669543  -0.8716016429028399  0.1544118921286202  -0.21134099809142617  0.06948169668845436  -0.3424786116963402  0.16254581261525136  -0.0734743430438553
2.3116681423498644    -199.1900883086953   0.26851516515577556  -0.44048010298309703  0.4638048613764547  -0.12442563751038485  2.447296690648828  1.0756479158761743  -0.22451371431847678  -0.13746752933461667  -0.36418494143392116  -0.8713738204989453  0.15442552022902983  -0.21142853254522537  0.0694355542561112  -0.34227666908834786  0.1625525684442665  -0.07362957535107725
2.3116642333727646    -199.19060725058   0.2682466471533483  -0.44042699580779415  0.46380749155426626  -0.12441379151556717  2.448524881227498  1.0765994480777006  -0.22429397456281208  -0.13716005518154306  -0.3642327041455404  -0.8705975608325446  0.15440244469911954  -0.21175073507338862  0.06928873472022827  -0.34157418446162857  0.1624484198192881  -0.07400102602213914
2.3116534425592055    -199.1904829701939   0.2680764221709051  -0.44036889940460516  0.4636752137265305  -0.12444151027630511  2.4493194147953607  1.0771766522833117  -0.2241593941982325  -0.13696064043481226  -0.36408603999829725  -0.8702032683191063  0.1543313103302473  -0.21194821951852882  0.06929285564288276  -0.34121296154251274  0.16234762733988747  -0.07402632000674811
2.3116469645198605    -199.19045993806543   0.2677706342885664  -0.44026227201732826  0.463451469984828  -0.12441440965205061  2.4506329116219683  1.0781245362466545  -0.22394506779459358  -0.13663393293922663  -0.36380563714602077  -0.8695759755799493  0.1542085962283038  -0.21225816109123555  0.06927437677209505  -0.3406383004847498  0.1621459370872604  -0.0740194667788592
2.311643109272161    -199.1905522421883   0.2674680749181482  -0.440158735502194  0.46325525180641475  -0.12437416095704926  2.451909154986105  1.07904445269882  -0.223727569934378  -0.13630768107831528  -0.3635651790282746  -0.868984019067214  0.15407350886189713  -0.21256170473659977  0.06926052413714946  -0.34005838109830694  0.1619412879894014  -0.07404553376946917
2.3116401126035564    -199.19060282460418   0.26734012981886074  -0.4401054001084602  0.463152119205921  -0.12434110688007742  2.4524750303990874  1.0794433601220466  -0.22361441951303043  -0.1361453151414515  -0.3634613446213523  -0.8687885347243836  0.1539678982836856  -0.2126889247940925  0.0693036682749049  -0.339801080398386  0.16181647645846728  -0.07402155741037118
2.3116346043124363    -199.19072522038516   0.2671497848248408  -0.4400213142050983  0.4629863745294455  -0.1242798011388486  2.4533537627853734  1.080058515955436  -0.22340821265116917  -0.13586383387170203  -0.36335114811918456  -0.8685681900208174  0.15374254172144752  -0.21288147597395612  0.06943179473123604  -0.33937804187477344  0.1615806881834265  -0.07397302634355117
2.311628162016993    -199.19080513449916   0.267065704802055  -0.4399695141081165  0.46285014003520036  -0.12422020931683539  2.4538150851675247  1.0803626311547883  -0.22324297779929891  -0.1356574127610016  -0.3633387999030981  -0.8686478292351933  0.15348981284799315  -0.2129690686697974  0.0696379575645789  -0.3391366337410896  0.16137009394467755  -0.07385187427190582
2.311616588073359    -199.1908462322006   0.26703346777202847  -0.4399308820669782  0.46264049167223176  -0.12412802955831309  2.4542723420268757  1.0806500366412526  -0.22298369772563537  -0.13535554214283552  -0.3634447022332291  -0.8690077605671246  0.15304545969840855  -0.21305230203145328  0.07002995504016521  -0.3388469349093074  0.16104940063533282  -0.07359562180064491
2.3116083256367546    -199.19056659241227   0.26708868101638383  -0.4399171884540763  0.4623391181307708  -0.12402773216629417  2.4547896517059553  1.0810019841252845  -0.22270792887718488  -0.13502514528934684  -0.36350876013121514  -0.8693394000186435  0.15261453830540636  -0.21316756095211747  0.07041136624766231  -0.338563853690762  0.1607724433037044  -0.07316023224639757
2.311597534673072    -199.19058138819037   0.26707665169645395  -0.4399368868419272  0.46216649959429384  -0.12395357306487408  2.4554836151467803  1.0815226183155666  -0.22238841138481796  -0.1346534468430239  -0.36379261829314913  -0.8694826948505067  0.1522129284440774  -0.21331955080992282  0.0706608646833813  -0.3380566542419178  0.16046569360152724  -0.07307486186465946
2.3115933960166517    -199.19041693679702   0.2673178381774427  -0.4400174477973415  0.4622531107870455  -0.12397513777684922  2.4545961060430073  1.0808853563262169  -0.22251483294595772  -0.13485548376690154  -0.3639768920713923  -0.8699819317286949  0.15225725722739894  -0.21307742537380767  0.07071797533050649  -0.3384549861488017  0.16058029095102974  -0.07296407999427189
2.311591778551285    -199.19030377705116   0.2674466705104411  -0.4400603003194065  0.462297210708356  -0.12399530278511339  2.4541439474373123  1.0805693779155705  -0.22259092466496394  -0.1349718695014862  -0.3640594168213033  -0.8701986554690553  0.15230983417201252  -0.21293621240245417  0.07072287791989622  -0.3386641804610755  0.16065921491755622  -0.07290547110488003
2.3115903497587875    -199.19025266793085   0.2675239621617215  -0.4400861692642856  0.4623179058525781  -0.12400503379277947  2.4539431653684654  1.080441360918233  -0.22261968332589377  -0.13502189392226327  -0.3641249894632075  -0.8702940130492852  0.15233730727023742  -0.21284504911063326  0.07072109119548393  -0.3387434194853863  0.16069745716158107  -0.0728773154239447
2.3115879656091054    -199.190039660619   0.26752660484523855  -0.4400733919875247  0.46219585979454714  -0.12400368593128462  2.454366992936239  1.0807841572981856  -0.22252269206033545  -0.13490012914301056  -0.36410491851160337  -0.8701606952574232  0.15227327810788516  -0.21281375685539317  0.07074573598637177  -0.3385288672866244  0.16060945266469595  -0.07277846710990211
2.311581845085491    -199.1899817645687   0.26763213885531206  -0.4401033376681481  0.46215830080413167  -0.1239999459501469  2.454500742047137  1.0809509356012161  -0.22245488435348149  -0.13484126341816371  -0.3642594468164451  -0.8701512453294464  0.15224743783242783  -0.21266064751524258  0.07075743253915671  -0.33838507182295674  0.1605796784842416  -0.07272714863624008
2.311562963848434    -199.18976451632733   0.26784940599281565  -0.4401338727163585  0.4618842111618164  -0.12393079975714673  2.455884005922202  1.0821927050583975  -0.22202825630269968  -0.13437325933056243  -0.36468487632988644  -0.8698047563451999  0.15198396311934476  -0.21229679313240327  0.07085157288246435  -0.3374386582393084  0.1602456549564891  -0.07256970868092961
2.3115404818832466    -199.18944172483356   0.2679938131427576  -0.4400958633579606  0.46134090172851466  -0.12377046911322236  2.45883018470156  1.0846675247370472  -0.2212195804100127  -0.13343194430672273  -0.36518189888547703  -0.8689758519263534  0.15142014689827726  -0.211965042670632  0.07106806867577319  -0.33563114486110557  0.15950602098615785  -0.07236886133551441
2.3115240284173275    -199.18917910031104   0.2679005838694461  -0.4399857714953089  0.46071768112401507  -0.12356814286025285  2.4623923246171806  1.087544385565947  -0.22034214967623247  -0.13236564302381237  -0.36547613383330574  -0.8678342549636188  0.15078045113210614  -0.21192385859065513  0.07131909646669783  -0.3336309434607405  0.15860751429367606  -0.07224752696857291
2.311516488067849    -199.18901360112307   0.26779194814875956  -0.4399459102824802  0.4603767724503676  -0.12341323510808361  2.464259055363994  1.089031502496308  -0.21992482509783462  -0.13185233354974954  -0.36556950405226185  -0.867221013253358  0.15044285188579967  -0.2120008138624544  0.07145896348614002  -0.33266268493003875  0.15808531671040726  -0.07221568723633386
2.3115134194382225    -199.18907811503772   0.2675306391090353  -0.4398932494929862  0.46019651516822774  -0.12333454253488885  2.465498721022568  1.0899841983977787  -0.21976008409324901  -0.1316176044573693  -0.36543338636728495  -0.8665754986294567  0.1503606787179021  -0.21220878501543286  0.07144547897450608  -0.3321401847119021  0.15782582608117013  -0.07231362062091515
2.311512448842067    -199.1889653522166   0.2675622885926032  -0.4399167546382328  0.460141559263633  -0.12329017212160809  2.465484028931731  1.089982994132663  -0.21977853021411792  -0.13164645502389366  -0.36541735475235054  -0.8666344713763734  0.15033800426678834  -0.21218441351961678  0.07148663717063429  -0.3321987585402308  0.1577890149393445  -0.07222407662956451
2.311510622664091    -199.1889787969589   0.267523083172263  -0.4399489515095225  0.46011330648338805  -0.12324979166066447  2.465568053324985  1.0900639450898555  -0.21980344413916966  -0.13168048378266453  -0.3654226221666843  -0.8665770105823918  0.150345031403907  -0.21220796465209846  0.0714731633617503  -0.3322036373186834  0.1577512818746368  -0.07224088620467531
2.3115092313994148    -199.1889888654963   0.26749651035093513  -0.4399903464613771  0.4600600793876432  -0.12320393958682281  2.465679345405351  1.090180670150698  -0.21982465182316624  -0.13171550677415866  -0.3654484658721714  -0.8665362076687335  0.1503389184093354  -0.2122032797426056  0.07147283060779494  -0.3321962029717989  0.15771352997451085  -0.07221250946085529
2.3115087125466123    -199.18898549722974   0.26748920898195455  -0.43999553217603204  0.46000500884916024  -0.12318159522107054  2.465887134896379  1.0903611223520955  -0.21979333687583627  -0.13168282633598216  -0.3654735483997953  -0.8664965582818015  0.15029255069518208  -0.21219028503463705  0.07149451641652498  -0.33210030328861234  0.15766563956236437  -0.07216900613333202
2.3115078814945966    -199.18896731728256   0.267478039243546  -0.43999057700597777  0.45989385332003585  -0.12314398275501394  2.4663445428338853  1.090749920336663  -0.21972043809234773  -0.13160364109483527  -0.36551722075334997  -0.866426698596823  0.15017836039289761  -0.21217031631992725  0.07154374158051159  -0.3318822018307533  0.15756451874924995  -0.07207524314059525
2.3115074109405813    -199.189081621548   0.2674278416263148  -0.4399762459644074  0.45987703627944526  -0.12312716667749263  2.4664942130853866  1.0908718441245642  -0.21973782126679614  -0.13162469189177795  -0.36550080759855025  -0.8664065363881198  0.15014029296693468  -0.21221516244614835  0.07154426462748131  -0.33184473327990194  0.15755656430286227  -0.07206100798485648
2.3115061132620727    -199.18906182508115   0.2674118740492349  -0.43995388323182505  0.45975590759498874  -0.12309117518789318  2.4670197459020873  1.0913124362795912  -0.2196684663490761  -0.13155061772331986  -0.3655351780639575  -0.866368211736223  0.1499845771808287  -0.21221325422254655  0.0716053602015922  -0.3316053639103514  0.15744724982395392  -0.07194270922928185
2.3115020211287174    -199.18912657690856   0.2673079854298067  -0.43986324497242063  0.4595429232690517  -0.12303078474723257  2.4680821959384303  1.0922073581574665  -0.21966426329966326  -0.13156652311918668  -0.3655301364023721  -0.8663655002818852  0.1496376637951287  -0.21233087304461956  0.0717043450012007  -0.33124548608538773  0.15728563913910934  -0.0716823778521056
2.31149626710735    -199.18927121289806   0.26711868825185286  -0.43966652478832147  0.4592167484485604  -0.12293965885187551  2.470093899458137  1.093878822954289  -0.2195937756789865  -0.1315081265304398  -0.36554551729888995  -0.8662387548946305  0.1490285955924883  -0.2125882644495923  0.07185953683345277  -0.33049371289453383  0.1569585340772781  -0.07133930522401082
2.3114889953887974    -199.18950472706805   0.26692232701599455  -0.4394437766095749  0.4589844981591166  -0.12286092111065823  2.4720461111986554  1.0955478652815882  -0.21966908381445996  -0.1316403195278168  -0.36561371132136716  -0.8661695526333754  0.14841473941716046  -0.21295667046928302  0.07196059051385169  -0.3298706745602017  0.15668409450787815  -0.07106529625066174
2.3114800182586044    -199.18974964681803   0.26677861900681465  -0.4391132285697262  0.4586870578944999  -0.12277545264524098  2.4751056909378018  1.0981971692089023  -0.21963582994229716  -0.13167216994050965  -0.36591502280342125  -0.8659162273025265  0.14751740833910781  -0.21337922080590288  0.07212102757472715  -0.32871283714362076  0.1562177376424255  -0.07078894887939234
2.3114747952803127    -199.18994270087222   0.2666429657081443  -0.43899663994265065  0.4584727120839742  -0.12260601894968366  2.477490865913264  1.100356691219952  -0.21982499237266218  -0.13197637282861435  -0.3661865094100096  -0.8655385268969517  0.14694693594727382  -0.213731487377548  0.07212530410540884  -0.3279873635566112  0.15588560705579046  -0.07077553264805564
2.311468016560978    -199.19005559575572   0.2667046644543446  -0.4388710759420812  0.45852610108325803  -0.12266705001738469  2.478266609347605  1.1011222027807832  -0.21992752416027642  -0.13213949680339784  -0.36640136563863773  -0.8654497088743435  0.1467375635749255  -0.2137964326327213  0.07215551825318241  -0.32773319400230017  0.15587305676254046  -0.07085402389796884
2.3114617606873247    -199.19003160192602   0.2668539607400901  -0.4388910090791081  0.4586018037054145  -0.12269874621671367  2.4783195337078685  1.1012961655311904  -0.220046068922191  -0.13231267441340677  -0.36658600578427547  -0.8654389216512556  0.14674666104705522  -0.2136706020188362  0.07212225638362872  -0.3277488286535801  0.15596292099367148  -0.07096801697027016
2.3114450350784974    -199.1902428716055   0.267223770987682  -0.4388929965166253  0.45881112234617716  -0.12277809373076604  2.4792595695793325  1.1025908375100695  -0.22061460116859466  -0.13312400170763636  -0.3672779046144229  -0.8654011909094043  0.14654674919613575  -0.21340328254846253  0.07194782395523039  -0.3276265899063283  0.15624455696211453  -0.071317011245975
2.3114376789495386    -199.19002768319677   0.2676275876596506  -0.4388541973032257  0.4586277088803686  -0.12270576307670006  2.480998973078469  1.1044023796404578  -0.2207667516510145  -0.13341919117827636  -0.36785971930054967  -0.8654461980536031  0.14600621331388608  -0.21310170277502355  0.0720131671730141  -0.3269908265269372  0.15613011735871107  -0.07112348384391337
2.311423826759828    -199.19016982918066   0.26788586685426574  -0.4387332139768842  0.45858218054701166  -0.12270605869891828  2.482995742620256  1.1065308927025268  -0.22124540142488153  -0.13413172475343788  -0.3685116401720107  -0.8655308435399619  0.14538345199371996  -0.2130131102817787  0.07193968017314946  -0.32646622846772455  0.15615594802340085  -0.07108146390540894
2.3114067373278275    -199.19090404079114   0.26804492269693797  -0.4383659597948023  0.45826311120411395  -0.12257149286182231  2.487753871653692  1.1112684872310372  -0.22213947489428643  -0.13545862576484716  -0.3695335076293776  -0.8657520576196259  0.14383646497500505  -0.2131889131882415  0.07190376983588889  -0.32520209161767877  0.15601099776670932  -0.07062762526386143
2.311402272520176    -199.1908886952483   0.2682271745655176  -0.4382393058756393  0.458265104849019  -0.12259829948191404  2.488555717843814  1.1121433370844003  -0.22235494221615085  -0.135773871468777  -0.36982712237278514  -0.8660389447998647  0.14345223578224875  -0.21311624930430206  0.07187744018446088  -0.32499642337078205  0.156013181242545  -0.0704915522255794
2.3113978096380117    -199.1911581146913   0.26819289500830823  -0.4381309089997958  0.45825737771348496  -0.12257983142180856  2.4890930968206315  1.1126729033936602  -0.22252852391029407  -0.13600482126017463  -0.3698927061030955  -0.8662145828997777  0.1431975060177646  -0.21320747095596715  0.07186214430328386  -0.3249194731840455  0.156021441304862  -0.07036993689759413
2.3113957787571358    -199.1913269830253   0.26819046885516956  -0.43807668167649966  0.4583497860984109  -0.12260129981129768  2.488875470533123  1.112519016558804  -0.22265200123223158  -0.13614775577105476  -0.36987624329225927  -0.8663974371188974  0.14317700224434002  -0.21323186120242335  0.07182206565275855  -0.32509095778916663  0.156107023373433  -0.07036502863049031
2.3113950325583628    -199.19138751705134   0.2682136332158418  -0.4380519887292874  0.4584193813533509  -0.12262581797506436  2.488708868664387  1.1124101252391663  -0.2227281937340258  -0.13623705659736504  -0.3698905203145864  -0.8664891599927871  0.14318560519309295  -0.2132274329180861  0.07179781195390565  -0.3252059236808223  0.15616791067228553  -0.0703913159729943
2.311393588646338    -199.19146662646764   0.26826892726296125  -0.4380091681554344  0.45852875017166156  -0.1226659291351412  2.4884775984009817  1.112295721589386  -0.22288669805831113  -0.13642611135305865  -0.36994095725328924  -0.86666848750269  0.14317256912612555  -0.21321529237074846  0.07176272686270192  -0.32541273332258147  0.1562733666402225  -0.07041570639705524
2.311391077638071    -199.19158428823698   0.26835697501714606  -0.43791210990372814  0.4586318657198697  -0.12270491681478417  2.4885161588779057  1.11250726860182  -0.22319421329828573  -0.13680289725706354  -0.37007451405845626  -0.8670029105511752  0.1429941093071444  -0.21323359822704505  0.07174211062740538  -0.3256585208033421  0.15639777485777157  -0.07034912556841251
2.31138780502188    -199.19166871980417   0.2684423985193378  -0.43784046541469374  0.45870623042154196  -0.12272047840269326  2.488558914710306  1.1127514562349263  -0.22353423579688894  -0.13720082073257212  -0.3702097021331297  -0.8673900387874564  0.1427754104946914  -0.21326815920839998  0.07174324985276553  -0.32596760396546126  0.15652174602722274  -0.07026240114765696
2.3113805418354585    -199.19175695777142   0.26881563526433244  -0.4378060053787312  0.4589360449866532  -0.12278634972386153  2.488127892865661  1.1129433882228934  -0.22422099825135294  -0.13797174041526683  -0.37068453730557127  -0.8683396310199863  0.14239594267137173  -0.21306288521937977  0.07176022854123922  -0.3267608356442342  0.1568884480191241  -0.07021216893184103
2.311372459376255    -199.1919198466727   0.2690415566873381  -0.4379297606458073  0.4593455943563733  -0.12286676690846537  2.4853416631527403  1.111099499141322  -0.22500304121796433  -0.1386341842193681  -0.3707544121850679  -0.8699719793347379  0.14231812267397148  -0.2129226407008036  0.07183126490576382  -0.32876802532237775  0.15754026488888534  -0.07020806555198819
2.3113690811773897    -199.19136801299857   0.27008127095048606  -0.43820972203395303  0.4596165636545739  -0.12290563668784296  2.4840201902436387  1.1109812720243732  -0.22573789962754812  -0.1393390031315791  -0.37177012852542435  -0.8715357630268632  0.14182700185972666  -0.21208840657687042  0.0720005080189226  -0.3300088871234376  0.15811499736464205  -0.07025836188089365
2.31135967032716    -199.19159403846027   0.26992001984749486  -0.4382279832447997  0.45953681309536515  -0.1229009274222263  2.484366152462733  1.1111405356134547  -0.2255222931133457  -0.1390999361977196  -0.37171738431740514  -0.8712599851954914  0.1418668160772631  -0.21209599839998788  0.07198875254362237  -0.3296310397669117  0.15802455856221598  -0.07029050213037429
2.3113580843784916    -199.19160903570122   0.2699530155400086  -0.4382897278061668  0.4595521549835795  -0.1229031054803707  2.484144480882116  1.1109691353647506  -0.22546438161849958  -0.13899682166583532  -0.3717441044207784  -0.8713264106388425  0.14188577504157207  -0.21200407480143232  0.07199714027517917  -0.32966052909454846  0.15805637889724783  -0.07034525790123915
2.3113576950328243    -199.1916354580605   0.26993237850598745  -0.4383299285220789  0.45954372320565257  -0.12289044051576371  2.4839948284392555  1.1108321742744243  -0.22541840830970253  -0.13891528929871852  -0.3717175286443007  -0.8713227917815953  0.14192042094748047  -0.21199232400475657  0.07202299730595578  -0.32970667771992446  0.1580596731656325  -0.07036326486419975
2.3113573227453172    -199.19160979819864   0.2699807322577425  -0.4383673862888322  0.45958190479316263  -0.1228993876239553  2.4837294429196977  1.1106418876274196  -0.22542099527232543  -0.13888979679417066  -0.37173925206521613  -0.8714124650628253  0.14194500014384737  -0.21193114732630627  0.07202990303585521  -0.32981986800471386  0.15810531230355515  -0.07040751870986603
2.3113566374828936    -199.1915263521612   0.26999949707811827  -0.4384446443613591  0.45961573357571245  -0.12291188390745052  2.4833286422857395  1.1103000848956037  -0.22532564037183855  -0.13871744399511915  -0.3717077682202676  -0.8714125015248845  0.14204377228407222  -0.21186450407465357  0.07205963779342393  -0.3299326796715938  0.15812241099607152  -0.07049997373181946
2.3113560249905114    -199.19158606921525   0.27001652921586494  -0.4384659905412406  0.4597775288813985  -0.1229577673018767  2.482732633375594  1.1098623243069163  -0.22536788025441795  -0.13867617551263028  -0.37166323876788576  -0.8715738036309126  0.14211437516849149  -0.21183870305692626  0.07204929643555895  -0.3302525087588353  0.1582177414518111  -0.07063165483692696
2.3113551059479267    -199.19153560587523   0.2699817197457479  -0.43848637909949106  0.4597321956937711  -0.12295093677388859  2.482917558628931  1.1099954421932532  -0.2252805164256333  -0.138563231814003  -0.37165088134751156  -0.8714353247527474  0.14212121057908925  -0.21185498821653612  0.07206822516008418  -0.3301267018403603  0.15815567052174756  -0.07063673872526643
2.3113540282841334    -199.19152494851005   0.26995288269225626  -0.4384852650944177  0.45970395511481016  -0.12295201325251427  2.483306877733838  1.1103634700367313  -0.22524035482006444  -0.13849606042421983  -0.3716891273256368  -0.8713090450642065  0.1420543769432495  -0.21188774135480012  0.07207754060188103  -0.329972577636696  0.15809194949966224  -0.07063551848227023
2.3113525779633624    -199.19154575131688   0.26997101507637894  -0.43849398558921615  0.45973663036681023  -0.12296951475086736  2.483633658922784  1.1107942974633331  -0.22528364064822823  -0.13848141414536344  -0.3717981069698212  -0.8713238974934987  0.1419170266084873  -0.21189563801287087  0.07208007299175764  -0.3299454719458321  0.1580842807933634  -0.07065444211327161
2.3113493443110076    -199.19162278186502   0.2700599416678787  -0.43852677756991826  0.45986465374170576  -0.12301907337139029  2.4842773999716887  1.111787885484333  -0.2254650159735448  -0.1385057843474407  -0.37209613088334853  -0.8715138416362402  0.14154347442433965  -0.2118894595670827  0.07206660054702657  -0.33001258657551563  0.15813401079369274  -0.07070548097700644
2.311344772563905    -199.19170809383135   0.27017862486071487  -0.4385913292618524  0.46003801226707125  -0.12308392107548626  2.485189161887569  1.113190229228034  -0.2257025162393179  -0.13849543044624416  -0.3724648741377658  -0.8717714027649048  0.14101929513099465  -0.21188238520184272  0.07203616366490125  -0.33010135508984795  0.15821676410071203  -0.0707746988761707
2.311335054150982    -199.19213843977718   0.27029137939399844  -0.4387520610410192  0.46052716580911435  -0.12325253628888255  2.486747594567096  1.1160898182953132  -0.22647513049278545  -0.13857873347225846  -0.37306947273614877  -0.8727310097951158  0.13974628773692047  -0.21191953929982316  0.07199623574434859  -0.3308815717976411  0.15855944415626338  -0.0709177705734716
2.3113263206010344    -199.1922602350747   0.27045429887382816  -0.4388360810158474  0.4607377830911967  -0.12335788398329413  2.4906038047474435  1.1210290672114807  -0.2270993627544632  -0.13854179010797477  -0.37382009583032144  -0.873046240261465  0.13812561382415808  -0.21201283387790365  0.07195233551380802  -0.3306590440990399  0.1585975197176963  -0.0708388110603059
2.3113118296811095    -199.19262494289865   0.27051748292069033  -0.4389490766364907  0.46108931975933193  -0.1234869668880499  2.4925281289117005  1.1241614599680918  -0.22790304336728306  -0.13871626695373257  -0.37425522437798636  -0.8739467234971533  0.13681824360303285  -0.21202328936497358  0.071889429790122  -0.33129540742252755  0.15890796083409925  -0.07081673061535343
2.3113001028364035    -199.1938005369181   0.270547226232466  -0.4395781200900424  0.46181024465517617  -0.12368746254460969  2.4971653829619305  1.1320454582843262  -0.2295989051163959  -0.13846014842076879  -0.37521546502108744  -0.8761240256290119  0.13352558295510547  -0.2117888491410801  0.07193563996056056  -0.3329983716309789  0.1596848346966176  -0.07078007035676628
2.311286458826407    -199.19327996748274   0.2705823901462959  -0.4394592069475689  0.4616313258272735  -0.12368439854912965  2.497668809266127  1.1321441090400448  -0.22938772273748342  -0.1384236539465271  -0.3750587788509821  -0.8756439973817188  0.13372039832593202  -0.21174073949282415  0.07187766072758887  -0.33244705504079153  0.15946102597672734  -0.0706911274839458
2.3112829833513744    -199.19317877025253   0.2705395288364438  -0.4394029991181339  0.4614809768562491  -0.12363284830710684  2.4973665951796615  1.1314238703267685  -0.22911310897172926  -0.13834892532238238  -0.37492395022120767  -0.8752662625377462  0.1340936702017784  -0.21173342322268715  0.07189588204823129  -0.33211854790639345  0.15931038649468976  -0.0706600994416602
2.3112747240703797    -199.1931037038255   0.27048259224004756  -0.4393634728191477  0.46126997673265147  -0.12356981250530752  2.498409764776226  1.1322303788277053  -0.22886191950143503  -0.13811906026156506  -0.37494288992306835  -0.8747486819325077  0.13407922022929822  -0.21164473270474152  0.07190013515369559  -0.33148324014706176  0.1590365075903634  -0.07053658856132561
2.311263198580661    -199.1932314444967   0.27048094912792225  -0.4393645997446807  0.46122724580346836  -0.12356278666271274  2.5015521539284693  1.1359155777373744  -0.22902899418942096  -0.13784789080817264  -0.3753678501011143  -0.8745565515369222  0.1330951152114002  -0.21147616156178892  0.07181561889424289  -0.3308894805109535  0.15878523662349595  -0.07034342728756333
2.311252194099229    -199.19355600577256   0.27053608859343503  -0.439631715022791  0.46139034522941513  -0.12362200473907099  2.507541477854587  1.143803300615557  -0.22977905319869665  -0.13729097841044283  -0.37637804376300144  -0.8749973155595352  0.13060181586694009  -0.2111950025229128  0.07167539683580683  -0.3305999508603027  0.15865786117233718  -0.07007879398738177
2.31124809744163    -199.19363688500044   0.270568846190727  -0.4395934016420141  0.46147082030986347  -0.12361199773039808  2.508511066922736  1.145099398909961  -0.22991547437954146  -0.13722726384555298  -0.37653633568184713  -0.8750641337944002  0.13022948008702848  -0.21110708824503577  0.07156284483181077  -0.33055796069172216  0.15857774061814578  -0.07002501055042644
2.3112448191217823    -199.19372041133494   0.2706187903591516  -0.4397245376427641  0.46164425335415826  -0.12366396342943992  2.5095470392460095  1.146885619184077  -0.2302409822467893  -0.13710356905277266  -0.37681346454477405  -0.8754943556924962  0.12952872562416032  -0.2110515293335356  0.07152856881600425  -0.33090421277576937  0.15868741286771798  -0.07003830302758875
2.311242219865204    -199.19373408455212   0.2706696533975919  -0.4398806083940862  0.4618178916035354  -0.12370735891172896  2.509943204901607  1.1479782406240284  -0.23048874503706104  -0.13693031212915555  -0.3769959617296059  -0.8759445849745866  0.12902696509377745  -0.21098917106983633  0.07151580377330778  -0.3313938994145935  0.15882180043267924  -0.07009403843783002
2.3112401362332906    -199.19366439421952   0.27069473727627696  -0.439995805023153  0.4618890434497212  -0.12371685457663023  2.509895195792234  1.1483043559819255  -0.23053633171890855  -0.13672295674100227  -0.3770417748609133  -0.876154173158246  0.12885363735620053  -0.2109234215955347  0.07152792161560091  -0.33170926278060303  0.1588763129983167  -0.0701387167534686
2.3112353077005707    -199.19347288601654   0.2707437199754309  -0.44024433383585615  0.4620271972814157  -0.12374032446105075  2.509895968589878  1.1492047632307252  -0.2305964454783039  -0.1361512677791541  -0.37712772667819366  -0.8765765160140057  0.12845318559335211  -0.21073076216524386  0.07156512368513417  -0.3324071179372462  0.1589654538890217  -0.07020989753991003
2.3112337593163796    -199.19336338766396   0.27072628312365765  -0.44026012246498336  0.46206709667387447  -0.1237493735281005  2.508403268015139  1.1477311469784137  -0.23042517063057846  -0.13598131677406222  -0.37694704306674454  -0.8766819142832992  0.12888927595470334  -0.2106764432665976  0.07156924933668675  -0.33282095632870634  0.15901896514210556  -0.07029581554716302
2.3112313388428714    -199.19341214772942   0.2707621066728433  -0.44046471595041886  0.46225312086858034  -0.12379620171599859  2.5082497120973297  1.1485055365361307  -0.23056547026821025  -0.13553067155873744  -0.37704302184452787  -0.8772268172088422  0.1284837123304902  -0.21051941310417885  0.07160659419299209  -0.33360312307422535  0.1592166297117353  -0.07036177932013835
2.3112296959940037    -199.19328880943632   0.2707386549921984  -0.4403899207266424  0.4621308463712592  -0.12376749298707529  2.508006859751332  1.1478833449849632  -0.23036838273307444  -0.13553615237587732  -0.3769097167264737  -0.8769266135830307  0.12879623695977915  -0.21052030017456339  0.07161557875282423  -0.33332086972919256  0.15910482077573201  -0.07032887210214891
2.311227193835128    -199.19306620641643   0.2707293641016063  -0.44039401850924786  0.462046340707598  -0.12376111446313101  2.507390057046619  1.1472161454622936  -0.23011606627177417  -0.13525358680518867  -0.37671386191986467  -0.8767922675599198  0.12909590710151744  -0.21041388601918773  0.07163389994081137  -0.3333546026716704  0.15906814607281614  -0.07033373205039155
2.3112244862649978    -199.19295117109652   0.2706720512692962  -0.44028642350617536  0.4618678978757018  -0.12375888773274796  2.5070815473601558  1.1465986004756303  -0.22974053697411911  -0.13501278830837687  -0.3764891081577978  -0.8764096395756673  0.12952306036217648  -0.21032019333279342  0.0715696050902522  -0.33295469060434857  0.15898037767341308  -0.07028711433046014
2.311222291992681    -199.19276611194311   0.27072446259252225  -0.44048352237585486  0.46202989490029284  -0.1238328504257044  2.5061341261178374  1.1465470171482404  -0.22971457585771818  -0.13441805317136335  -0.3763973356557928  -0.8769612534622453  0.1294147878078484  -0.21013612270267787  0.07157336212439619  -0.3338356096473765  0.1592376428201332  -0.0704166794984877
2.3112212902356903    -199.19291749979294   0.2707494011631046  -0.44044128338861044  0.4621583877219319  -0.12388397043823629  2.506380741858775  1.1470843994812845  -0.2298844754048454  -0.13449994339336566  -0.3764961085883959  -0.8771819025594743  0.12921075109771218  -0.21017245554095787  0.07151638457538759  -0.33398020373067216  0.15933809033052546  -0.07045306420509026
2.3112205670413193    -199.19305546039988   0.27077554225170136  -0.44047730367946913  0.4622848024191767  -0.12394803834021083  2.5072200409452745  1.1484343997250754  -0.23013380903405845  -0.13449746414053335  -0.37669683252750386  -0.8774666077590654  0.12872744066911126  -0.21018143038231765  0.07148528242031044  -0.3341381240203314  0.15945059411477344  -0.07046567603392326
2.311220153693499    -199.19308983797885   0.2707797214636404  -0.44047080330197236  0.4623197192112651  -0.12397074562741857  2.5073861828546447  1.1487432172430747  -0.2301875573862094  -0.13450509731363436  -0.37673275033026443  -0.877532885093355  0.12864093197288107  -0.21019502317459224  0.07147178327359556  -0.3341734172565755  0.15948762871859923  -0.0704863653415948
2.3112183963439077    -199.19317828670984   0.27077808821780014  -0.44042458699644665  0.46241741108171847  -0.12404633565699924  2.507735132496252  1.1495609210081672  -0.23030514662757012  -0.13453554842765847  -0.37678708949264333  -0.877694740789707  0.12850344416729684  -0.21026829532532337  0.07142712699254958  -0.3342626511978236  0.15961399158429626  -0.07060832250471599
2.3112165525470587    -199.19318007449021   0.2707468531213489  -0.44036943330786804  0.46244384532669713  -0.12408423375889745  2.5072983536151243  1.1493639051054563  -0.2302340514443191  -0.13452148618149493  -0.37667426311128394  -0.8777125807367641  0.1287541099378008  -0.21033820317450452  0.07139999696355193  -0.3343426307805657  0.15970327154379682  -0.07077034215473342
2.3112127230067205    -199.1931714862553   0.2706461408504126  -0.4402531457812349  0.4624103159223336  -0.1241070309758344  2.5061531270778876  1.148503425701685  -0.22997005358280867  -0.13452649522887422  -0.3763445577869995  -0.8775770741761787  0.1295075946385359  -0.2105094874828361  0.07134630934664661  -0.3343521293210946  0.15983132660622879  -0.07112326084638049
2.3112115014475427    -199.19307935762373   0.27058978798599526  -0.44022111916970036  0.46241397278077073  -0.12410781617170706  2.505033636352099  1.1475591931785707  -0.22980278471723417  -0.13446300148439894  -0.37612389873445773  -0.8775907766987443  0.13000461396140936  -0.21055511701245927  0.07130823200985807  -0.3345714230764521  0.15988524926176614  -0.0713081641510258
2.311207301255714    -199.19304448391154   0.27044764704251667  -0.44014998681345524  0.46231980374766185  -0.1240770395987518  2.5035046300348083  1.1462953807875307  -0.22941587987744788  -0.13435041213226712  -0.375701606762314  -0.8773857072796921  0.13094400141699183  -0.21068309426894216  0.07126242577934781  -0.33462612528552793  0.15996614645312332  -0.07166396411308959
2.311203372743103    -199.1930535817083   0.27030461608127254  -0.4401580595543763  0.4622586662374229  -0.124032628732645  2.502459650512699  1.1458070077751754  -0.22913366565360302  -0.13412520027923597  -0.37539217245437667  -0.8773257746535454  0.13158252458085826  -0.2107436972221791  0.07119967871661936  -0.33481519055046993  0.16003623418139212  -0.07195356658014555
2.3112009793379573    -199.19306901429695   0.2702288869458865  -0.44020547810821997  0.4622394647869576  -0.12399254863390635  2.502359887279723  1.1462071144930348  -0.22906883299992054  -0.13397838891098537  -0.37530468129022015  -0.8773625453319671  0.1317177355277105  -0.2107598187825897  0.07115103716545072  -0.3349513353402589  0.16005185577230996  -0.07207460821638814
2.3111982599393404    -199.19309321242775   0.27018457014176156  -0.44029354510746654  0.46229069446860405  -0.12397719023140336  2.502989654831153  1.1477237482153726  -0.22917986772647955  -0.13380716351034122  -0.37535125148221604  -0.877578189273293  0.13147948648781105  -0.2107682188848433  0.07108519674385803  -0.3351877390222307  0.16010287825179706  -0.07217758436727088
2.311194823151522    -199.19310198190135   0.2701324458883351  -0.4403778084525055  0.4623572603902234  -0.12397629949573458  2.5040136133003887  1.149908793127663  -0.22934523660522188  -0.13361635180451784  -0.37541687553976605  -0.8778363118472093  0.1311269550586034  -0.21077167081605133  0.0710097530056783  -0.335436591814289  0.160152633498904  -0.07228560635470126
2.311192950678348    -199.19334326725667   0.2701184240323565  -0.44039513974049443  0.46263119802286834  -0.12406533369081756  2.5050791834459814  1.1524743170045741  -0.22972675385436767  -0.13350316840547788  -0.3755909857453274  -0.8784538423539273  0.1305261082655315  -0.21078022084229509  0.07087397875567526  -0.3359764687051682  0.16035622084541035  -0.07243085990952129
2.3111879295234585    -199.1934441331253   0.2700092533793975  -0.4404850336235952  0.46273886876222187  -0.12411775260124307  2.507538074582613  1.1570720617703525  -0.230071063084787  -0.13324793645729413  -0.37573692493085586  -0.8788719496239558  0.12977239369324528  -0.21080798477465781  0.07072594101952409  -0.3361799283747292  0.16047885640507378  -0.07261549848752832
2.311185656835761    -199.19349712304296   0.2699800381251775  -0.440451947041499  0.4628020839999535  -0.12417922225719458  2.5084077308169475  1.1586851694011118  -0.23020393346194815  -0.1332189978797051  -0.3757637927855626  -0.8790329988943834  0.12952996964530478  -0.21082740469049824  0.07066865525050456  -0.33620535349374675  0.16055315390716465  -0.07267940470269019
2.3111847117667508    -199.19353319135467   0.2699676753455219  -0.44039777753221937  0.46282770022693415  -0.1242214645479509  2.5085788474509734  1.1590483278375738  -0.23022606776116922  -0.13324163191202149  -0.3757366400922124  -0.8790774865248123  0.12951835346529414  -0.2108347277348407  0.07064761837958648  -0.3361772079904429  0.1605904786447358  -0.07269132707499121
