1.2597406130255544    -109.20949988270337   0.166250012298757  -0.391726938628906  0.363511939796082  -0.097358916324541  1.023218996712  -0.240033026600471  0.47679820601377  -0.213939900197387  -0.05856189338813974  -0.605837152806834  0.389950579910296  -0.161143119104509  0.01129170741111299  -0.567291251881818  0.184939325890228  -0.09403666371175248
1.2577027397474074    -109.21349595240395   0.1660817565783894  -0.3917146041867168  0.3642011863504322  -0.09542836838599691  1.0232491673869875  -0.24011784514963047  0.4768059961908368  -0.21371680338086216  -0.05852965051591862  -0.6061186245921749  0.3898288481931508  -0.16117155379888812  0.010719702682624965  -0.5669491035161649  0.18558181230068915  -0.09410321341788384
1.2569038008794386    -109.21314309770693   0.1662686787495607  -0.39200814009303275  0.36412982102736396  -0.09491502570593098  1.0232868513591122  -0.24022532367205554  0.47674390690754304  -0.21361296732759838  -0.05844064676410965  -0.6064818910716056  0.3896722104831451  -0.16138910939431603  0.009766243929797766  -0.566803331017499  0.1855324083792449  -0.09439461943236065
1.2563629341789981    -109.2121137489903   0.1669944496561668  -0.3921708167504157  0.36415014969073545  -0.09434661652102871  1.0233727371116355  -0.2402843567556953  0.47671098825496316  -0.213427903479498  -0.058172300325748945  -0.6066403908094951  0.38959277919572693  -0.16191880772760778  0.008891475419172916  -0.5668711261868865  0.1854834489615137  -0.09456829483194215
1.256014241292128    -109.2111511239386   0.1677188093805524  -0.39219641977070613  0.3640928464638262  -0.09393396797874622  1.0233615481324072  -0.24018399001657012  0.4766725689782153  -0.21322493461697456  -0.05820651417217641  -0.6065389700864785  0.38975770291384965  -0.16261078776374338  0.007905923691346446  -0.5672285327455555  0.1856847839453468  -0.09420766957795551
1.2558844226497348    -109.21087338308439   0.16799423344246067  -0.39197678639174227  0.3639864763627876  -0.09384780270939265  1.0233546356185754  -0.24004736902526302  0.47652101946122705  -0.21317943219111546  -0.058248860847218586  -0.6063632867906295  0.38995289071218964  -0.1628030720979281  0.007245287544796929  -0.5677066930380699  0.18607347935847116  -0.09397023293299049
1.2557189195921439    -109.21069014159127   0.1682871529248003  -0.3913834796336979  0.36381492935726006  -0.09382857378155357  1.023419375934996  -0.23983411911454103  0.47612891398531976  -0.2132154129698919  -0.058105202267888144  -0.6060626149412578  0.390225863990159  -0.16274994051825323  0.006300454807962667  -0.568650166113348  0.18683340474216356  -0.09393942574050376
1.2553931741174384    -109.21072787757018   0.1686726418285419  -0.3898047423172827  0.36337042548459925  -0.09386790929875462  1.0236212302668561  -0.23933806574209154  0.4750332994324524  -0.21341960972252932  -0.0576590588188649  -0.6053928921819384  0.39081974702442557  -0.16225770870688155  0.004042439180436249  -0.571048023229302  0.18877532648031112  -0.09423526919518613
1.254982049519919    -109.21107671760842   0.16895131260244667  -0.3872914039035732  0.3628234041633556  -0.09393263052698632  1.0240388212687423  -0.23865049986456094  0.473206119249968  -0.21386945478152078  -0.056726136479240574  -0.6043901229900027  0.39151891986449283  -0.161352230253  0.0010650704702890239  -0.5749828190549459  0.1915782787111759  -0.0955288879956746
1.2546536322866129    -109.21228391589018   0.168480677756873  -0.3847143885196457  0.3621273332867552  -0.09399972831260346  1.0244253128574943  -0.23787102480003033  0.47105223826900555  -0.21447126296774321  -0.0560516722269248  -0.603374839014332  0.3922128291918996  -0.16041024966059114  -0.0023035307816530845  -0.5795946055544695  0.1947438271589001  -0.09729656306380911
1.2545024600301564    -109.21276858483465   0.16806569954198583  -0.3843199617591085  0.36213003839443214  -0.09407966722656276  1.0245393302133121  -0.23779155862460682  0.4706483368261477  -0.21466740920309668  -0.055843042091771586  -0.6032009946904793  0.39216359745238266  -0.160234532945022  -0.002258963868508861  -0.5805075050436888  0.1951029409501209  -0.09813898531706093
1.2543880132094543    -109.21318795476252   0.1674937124034082  -0.3843633984055152  0.3621919021083408  -0.09406984586673246  1.0245813131025592  -0.23775533154214112  0.470411194787514  -0.2147845185212556  -0.055860061513584025  -0.6031247590081126  0.3920089908567174  -0.16052553862652755  -0.0019698195722266587  -0.5812494856129952  0.19520145789724275  -0.09893861731357727
1.2542113742260441    -109.21383303072611   0.16652980650018726  -0.3843108305908113  0.3622549504381065  -0.0939853203644205  1.0246518120666828  -0.23753855583901157  0.46979378082143386  -0.21493738838856638  -0.05592751482811285  -0.6028441332524954  0.3918508678028111  -0.16143510971100575  -0.002048293484362521  -0.5832956987950572  0.19584783546070514  -0.10031442570720389
1.2539851117560614    -109.2142928581651   0.16483713063874877  -0.383853942244722  0.36244307230580014  -0.09426617831066508  1.0247955328836458  -0.23689834101281543  0.468424230153667  -0.21507537797384133  -0.05579402749765469  -0.6022782712039598  0.39168008371935553  -0.1634445074703166  -0.003074265335848526  -0.5881489774501832  0.19772300624496972  -0.10258551394513785
1.2539078691386814    -109.21549821409195   0.1640674195028187  -0.3835916077694328  0.36268350861014303  -0.09405540381310329  1.0248478965925962  -0.2366013574775365  0.46783734259998044  -0.2150758666558151  -0.055737171427809255  -0.6020659131862408  0.39162970529740104  -0.16428311228105547  -0.00367306204450763  -0.5902264006999383  0.19876311678456782  -0.10342655768171055
1.2538531147259697    -109.21537337604532   0.16388738037966716  -0.3836023822594904  0.3628065492409749  -0.09412108491360394  1.0248426023543342  -0.2364648513055596  0.46768133158835357  -0.21497034137233892  -0.05567164407476322  -0.6020853016176749  0.39159740538718457  -0.16482167819119797  -0.004125989102570666  -0.5910570657857449  0.1991536924892094  -0.10352428955188306
1.2538157700514116    -109.215285796519   0.16383723408871015  -0.38362700099720937  0.36302929312995075  -0.09417556219306093  1.0248465370983473  -0.23636505877983513  0.4676164089183601  -0.2148140888393918  -0.055453510414879115  -0.6022388577791028  0.39153168837244157  -0.1651926496658508  -0.004597439783233325  -0.5916221670599225  0.19948870664292265  -0.10347233328410758
1.2537708659564306    -109.2153917811846   0.16358207761848118  -0.3837410467398334  0.36346282205452457  -0.09437549974365411  1.0248410519424815  -0.23624496181534413  0.4675921378348095  -0.21461359112921458  -0.05507816540995834  -0.602554265493398  0.3913635686123514  -0.16556251493992957  -0.004941167513716003  -0.592304190747889  0.19985310450973584  -0.10343060619753594
1.2536482751004097    -109.21598244360894   0.16252283304276274  -0.38399274045685367  0.36506336781695675  -0.09530382832886236  1.0248174856212506  -0.23573854453242646  0.4674222682958559  -0.21401990209536992  -0.053637371980368886  -0.6036252872678352  0.3908188752377225  -0.1664898376093815  -0.00596160298888514  -0.5949702211439158  0.20123041891846877  -0.10334246940986773
1.2536019682622463    -109.21646243767356   0.16168995175022932  -0.3850867396990126  0.3662057682400088  -0.09565784236015695  1.0246531277110782  -0.23557486490681265  0.4677433449065303  -0.21370289918443724  -0.0530439300359302  -0.6045880177762483  0.3902865694315774  -0.16707407788103168  -0.005600275322132961  -0.5956842553302927  0.20116259363719344  -0.10328748930485507
1.2535254469651542    -109.21677551039696   0.16085383837778564  -0.3858528367274515  0.36782312424818986  -0.09654536448311575  1.0245173340605358  -0.2351795588669012  0.4679690725593532  -0.2132330895347911  -0.05182524880014939  -0.6056917117871079  0.3897542189912818  -0.16761953864641682  -0.005555863925929189  -0.5973285109123362  0.20167732515963926  -0.1029446427734599
1.2534868569184843    -109.21703629253022   0.16055344569802701  -0.3859902297875963  0.3682034359462198  -0.09685493680823579  1.0244524564930442  -0.23502277383079342  0.46797513499993204  -0.2132193701982796  -0.051553404548190504  -0.6059328615984815  0.3896956890127963  -0.16743621537465284  -0.005483221031247334  -0.597823577476251  0.20184158434023097  -0.10284840430929383
1.2534391246278311    -109.21732491196087   0.16020948449671132  -0.3861994269474542  0.36866425298344274  -0.09710633129300585  1.0243520933568055  -0.2346966562089878  0.4677933422225486  -0.21333722643961445  -0.0512078180804865  -0.6061521124945416  0.38970284653561765  -0.1671093944583016  -0.0055595005893105155  -0.5990154388456126  0.2021805500436376  -0.10303745202457468
1.2533608702835715    -109.21763224614963   0.15976651251745344  -0.3868119561929523  0.36968140873262534  -0.09749975126254017  1.0240948208509084  -0.23397941273929904  0.467498768482527  -0.21347138833700663  -0.05049516148577621  -0.6067251743973773  0.3897459868311928  -0.16660461664043683  -0.006078024711701028  -0.6014769679382874  0.20293170744903852  -0.10317591002122871
1.253193328073507    -109.2178908203587   0.15898654030786588  -0.38905696042054044  0.3724622931268864  -0.09821730090576568  1.0233026786237696  -0.23209818241135516  0.46697660778177075  -0.2137803049601953  -0.0488202238809316  -0.6083765052185549  0.3898130007866761  -0.16555352763219583  -0.007197805789830387  -0.6076942025578197  0.20449169276068244  -0.10355478889830652
1.2531393300003464    -109.21891694889476   0.1578655039716709  -0.3930128240526781  0.37741545670053483  -0.09937589203279114  1.0217236436516997  -0.22905273737503226  0.4667927709799458  -0.2136628150558533  -0.0469391310655765  -0.6115253818428574  0.389753540269353  -0.16476761048254543  -0.009230459085238384  -0.6173177618559297  0.20740521243021165  -0.10355444899289402
1.252990428822805    -109.21731902202691   0.15796834297255022  -0.3946257656835163  0.37887268283332254  -0.1000326908878609  1.0212084093980525  -0.22804002438652585  0.46672646433388915  -0.21379957567204  -0.04610865978819016  -0.6126250664811953  0.3897297604813431  -0.16422691751684484  -0.009758186158768138  -0.6205133121900236  0.20784403726787487  -0.10388412947665193
1.2529157987963233    -109.21720774513194   0.15850377361664192  -0.39441577393899935  0.37812056942182065  -0.09942480726189935  1.0213359786779188  -0.2285843908867512  0.4670485699594709  -0.21377979660930055  -0.04684099785770613  -0.6121805916238888  0.3897291537822737  -0.16447794502094742  -0.009079258743532508  -0.6184448979186825  0.2070325201811186  -0.10391017520329013
1.2528876677275658    -109.21704580456918   0.15877993915342162  -0.3948812086233743  0.3784669609405913  -0.09933561005887706  1.0211426098238952  -0.2284358429044267  0.46727951974898346  -0.21368721712685226  -0.04703612053735894  -0.6124856094141096  0.38969235317495304  -0.1645151421274691  -0.009065680501672113  -0.6186894526485842  0.20704650089813875  -0.10395710973659626
1.2528495342289143    -109.21688581802694   0.15909371981655093  -0.3954903106556535  0.3792589849926323  -0.0994787843195719  1.0207950843183238  -0.22800627247226316  0.4675172486753186  -0.21355541455495267  -0.047120442979991524  -0.6131284753713836  0.3896447081093397  -0.1642888285089675  -0.009335867349164768  -0.6198290905484085  0.20747805159323238  -0.10414434825553448
1.25273802240831    -109.21659740778392   0.15996919092443193  -0.3969804756198715  0.3817497594992402  -0.10024521976251781  1.019714922955764  -0.22666628959196114  0.4682728762651453  -0.21308439516273464  -0.04744548255944606  -0.6151893864298605  0.38945138117564765  -0.16339659606369003  -0.010203917199892831  -0.6234957341744727  0.2091244480118344  -0.1048776274277345
1.2525900176382838    -109.21622281723347   0.1612288789603414  -0.3989766721667507  0.3857610024458462  -0.10188871085190096  1.0179527823319903  -0.2244631034097733  0.4695426734806747  -0.21228419165159437  -0.048101697237690054  -0.6185146193954741  0.3891043380496812  -0.16189031978856602  -0.011402161436466605  -0.6297231075002923  0.21206109192285288  -0.10624826493984234
1.2525148161413775    -109.21633467122004   0.16211399624454156  -0.39980821408319916  0.38753142272807034  -0.10260458203902986  1.016945364892289  -0.22358426754870644  0.47059455992592464  -0.21174619501653544  -0.04929777060812898  -0.6203908425389785  0.38879435648717114  -0.16097884102384583  -0.01177676613699475  -0.6318898190409947  0.21344974510124268  -0.10735836544297765
1.2524142024615286    -109.21622319988379   0.162644937906685  -0.4006726665669465  0.38973973390401256  -0.10380554066684879  1.015939732689647  -0.222313943425298  0.4713232197685844  -0.21135436628322055  -0.049741226999196864  -0.6222838533387904  0.38856588228180744  -0.15991038845018227  -0.012191929652684083  -0.6356421648077955  0.21521374644415725  -0.10840914067655166
1.2523576359966209    -109.21621366843647   0.16288097348205083  -0.40075325976440385  0.3901223544296632  -0.10425154493934981  1.0155239285799227  -0.22204699518238832  0.4719212793684548  -0.21121014432198232  -0.05056506406127641  -0.6229022306931422  0.3884420193887905  -0.15952966707657765  -0.011707665079500522  -0.6362742322160807  0.21556476274344394  -0.10898044926337781
1.2523354704005452    -109.2161921200537   0.16281184213431354  -0.40108937983330595  0.39025811946580385  -0.1042861747167644  1.0153279901605528  -0.22189439861389942  0.4722251386622616  -0.21124132108018975  -0.050781957380182575  -0.6232773582036795  0.3883621635951851  -0.15942690458174064  -0.011305641413456807  -0.6367147389873018  0.21547062159091196  -0.10919861116076633
1.2523106714473804    -109.21602747473077   0.1628508782948671  -0.40175819747553665  0.3904770411770849  -0.10423137014301828  1.0149371135631406  -0.22160391813313166  0.4729257643912403  -0.21121280865063646  -0.05119780318567998  -0.624080979813037  0.38823011535346935  -0.1593936584649635  -0.010740163789321413  -0.6374703093851012  0.2153011747128342  -0.10935563644110353
1.2522789016747307    -109.21605746740633   0.16265183185552803  -0.40270353720469554  0.39119277665357594  -0.10428825056548005  1.014381866866335  -0.22092619181223855  0.47391158892405477  -0.21113251416874776  -0.05099608091368518  -0.6257835082507683  0.3879188763798406  -0.15920238224074584  -0.010347794393314649  -0.6397778233795023  0.21553150782629546  -0.10958078766612735
1.2522449010413346    -109.21567261510535   0.16236867905001118  -0.40473643910299206  0.3930736947817998  -0.10479971576210101  1.0131143872531465  -0.2192092743163977  0.4758916511690197  -0.2108256451462788  -0.05034688993775981  -0.6295375892785298  0.3873873249862126  -0.15884034296520258  -0.010339673953653782  -0.6454632509218949  0.2166104948062776  -0.10962674307296223
1.2522161701561552    -109.21638956623254   0.16215098889987445  -0.4057331389984292  0.39437827299545747  -0.10495700340968213  1.0122765631791644  -0.2180949655142343  0.4774422932162223  -0.21050881885004896  -0.04989232601500775  -0.6322807747472141  0.3869480916891428  -0.15852834812771288  -0.010292590072197945  -0.6492406728826524  0.21760840708930212  -0.10967255747231397
1.2521940404645142    -109.21631411718778   0.16215718523389724  -0.40522509890919695  0.3941382114163348  -0.10502976648070439  1.0125260389234647  -0.2182950950833974  0.47711624163207095  -0.21050310739731248  -0.04961584253128243  -0.6318838777369304  0.38700133265637077  -0.1585841043934989  -0.010646242169370542  -0.6487687857200942  0.2177041012110068  -0.1095607393328672
1.25217343076765    -109.21628286881659   0.16222841988835715  -0.4047529649474864  0.39394586261464964  -0.10511384208034788  1.012555021735668  -0.21831453763298161  0.47748989229578387  -0.210372052030396  -0.04943246972629504  -0.632320868261281  0.3868992515499132  -0.1586223023518671  -0.010808672732621294  -0.648939943554542  0.21795013806908167  -0.1094698408362176
1.2521530761166406    -109.21625700668025   0.16238480603754546  -0.40421465398316453  0.39350472187294294  -0.10508507521418711  1.0124735578678512  -0.21834072303780747  0.4784134247039317  -0.2102264155911769  -0.04951824384010525  -0.6331683021069376  0.3867371717127994  -0.15867383884829264  -0.0106247008852824  -0.6490587394144758  0.21806266462379495  -0.10939052336044947
1.2521315918072242    -109.21639420394044   0.1625757320475357  -0.4032714614171662  0.392421462868261  -0.10480345886143305  1.012421609354833  -0.21851838409989968  0.47988004636191495  -0.21020775275886647  -0.049817633963716496  -0.6342770743508046  0.38661635698957236  -0.15865057282182782  -0.010194188722818427  -0.6486943218822359  0.21796696577553568  -0.10924575728426718
1.2521159920197293    -109.21606247472363   0.16303048861131667  -0.40253451673893603  0.39107674762652483  -0.1043449724807545  1.0121123313648546  -0.21850898338044206  0.4823047054332698  -0.21029515456014455  -0.050404176411994565  -0.6361151403707642  0.38650122510397017  -0.15864772503221206  -0.009063311236673798  -0.6488225723686469  0.21756381619373494  -0.10907343977491946
1.252099168480213    -109.21614455738711   0.1629796782721746  -0.4026415850836099  0.39099609372270117  -0.1042061406433664  1.012204602104939  -0.21860344890380876  0.4819538714687747  -0.21045885711537168  -0.050476547248803245  -0.6356362245787746  0.3866411998551673  -0.15859521711676614  -0.009093768989362252  -0.6483846135742768  0.21737153994079714  -0.10909954894100733
1.2520854301494362    -109.2161303064999   0.16303269581990998  -0.40259764845577706  0.39050744277761873  -0.10385959586056437  1.0122973266326476  -0.2187347550541895  0.48199200807685966  -0.2107838234833063  -0.050651403388768786  -0.6353178104990135  0.38687513462950146  -0.15850228482625603  -0.008912176044032764  -0.6477910043660942  0.2169791060672813  -0.10906750172211024
1.2520725056309279    -109.21601832879307   0.1631878583136429  -0.4023477475872165  0.389788799261609  -0.10343457105956444  1.0123992829697361  -0.21885824141882584  0.48233927319194264  -0.2111703662554079  -0.050771867218024756  -0.6352252626124864  0.3871551899591758  -0.1583992589301469  -0.008744463337802894  -0.6472704812086866  0.2166052218034376  -0.1089621172328684
1.2520505425520654    -109.21580166436871   0.16345108466181535  -0.4018179154784245  0.38875887233467027  -0.10286484993288615  1.0125348970316606  -0.2188551791499014  0.483219902119886  -0.21190358041025695  -0.050643597123387285  -0.635523384926765  0.3876903936028643  -0.15813146366926972  -0.008748672402610024  -0.6471929446499923  0.2163559121092494  -0.10878671137290538
1.2520350819391584    -109.21572058502844   0.16358146006469843  -0.4013157054370801  0.3882320774020838  -0.10263759186039192  1.0125946172001856  -0.21865329159912375  0.48426275868100077  -0.21260660499639697  -0.05039104550295506  -0.6361313502570491  0.38822769221558107  -0.15792273543495272  -0.00897831984265106  -0.6478330873170692  0.2165473343778676  -0.10872729890650305
1.2520303496384868    -109.21589618376548   0.1637748919261696  -0.40067486147874215  0.38789686782290295  -0.10237142147135667  1.0126151886137977  -0.21828951433228558  0.4860948836350933  -0.2135139610168337  -0.04994826496353636  -0.6375006704212933  0.3888294441850519  -0.1577105955499737  -0.009289792343342398  -0.6491648125123951  0.21710237250452805  -0.10903679913736362
1.2520158786779498    -109.21569241027655   0.16370419328496572  -0.4008054341899754  0.38816703061471963  -0.10262921435442081  1.0125247810230855  -0.21809657456801754  0.4863543330764125  -0.2136196266255416  -0.04993029156144157  -0.6377831500381095  0.38891954623722763  -0.15775008082739256  -0.009403730051243673  -0.649777665496157  0.21732735399790729  -0.10912745441955822
1.252003146941002    -109.21582975895157   0.16355629870670899  -0.40098671828302906  0.3886898265838462  -0.10290424338938284  1.012451916793237  -0.21788405143706058  0.4865120649316113  -0.21373269712935308  -0.04988603882630858  -0.6379783898078533  0.38902989744709926  -0.15782461632173858  -0.009592957682880819  -0.6504488523632825  0.21769793358378273  -0.10931587969027617
1.2519638931640389    -109.21622713073518   0.16311215328755732  -0.40148110306943324  0.3906623208318999  -0.1038595014968009  1.0121277022475135  -0.21667629502384386  0.4888268113264801  -0.21505432820509837  -0.04944970038950871  -0.6400104167608935  0.39000808606715065  -0.15805914707239965  -0.010560236926703546  -0.654400469579983  0.21960215974197853  -0.11059065578737853
1.2519224813187844    -109.21693990354302   0.16281264188815509  -0.40162020369770574  0.3921086822861188  -0.10437904587733221  1.01171571520931  -0.21521532708380164  0.49318739663643746  -0.21720434363504043  -0.049152209168631084  -0.643344664656799  0.3915331307986108  -0.15834229804111846  -0.011358600460197397  -0.6591542816479441  0.22175216540599618  -0.11212232775978315
1.2518910884362318    -109.21730245566401   0.16267066523478296  -0.40176632274378143  0.39312898215354697  -0.10462913645854274  1.0114511032688747  -0.21402263536040755  0.497208437310694  -0.21937130482658806  -0.04891822407951607  -0.6461736194163782  0.39304553832343464  -0.15863474652176282  -0.011996766560425065  -0.6630263930636101  0.22341694468866308  -0.11364209432410752
1.2518847698484765    -109.21729287020955   0.16265220794012114  -0.40198983174662695  0.39345468860791033  -0.10468264451048902  1.011403974349122  -0.213780367853235  0.4980340017727823  -0.21990749831921688  -0.04896217386799304  -0.6465746658144738  0.39344363141989835  -0.1587955648607521  -0.011991396100968816  -0.6637467896998772  0.2236583123115334  -0.11403086824421796
1.2518749708136003    -109.21727476009814   0.16275856386955864  -0.40184325398630194  0.39313383627611237  -0.10436045137265887  1.0114324622212725  -0.2135541856786142  0.4996152900406961  -0.22089434877225356  -0.048955990514131374  -0.6473957242702364  0.39412903503460606  -0.15882352743485081  -0.01205253619026091  -0.6644294375076877  0.22382616903970431  -0.11443122857819799
1.2518722230733152    -109.21720546086883   0.16279471956184458  -0.401843267608171  0.3929862741130043  -0.104258568201968  1.0114935981948336  -0.21365014939935578  0.499602132556425  -0.22092598304655903  -0.0489611088652588  -0.6472459030792495  0.39416839234974027  -0.15883346745134858  -0.012012543585765633  -0.664113770216959  0.22366122160377694  -0.11435447800546664
1.2518624547313995    -109.21703211196186   0.1628251375899946  -0.4019303513740345  0.39273723615273665  -0.10405204818704657  1.0117300230427198  -0.21392747665902218  0.49980500340542766  -0.2211553419633014  -0.04886084725338268  -0.6468288579598076  0.3944264325810137  -0.15889076367800536  -0.01196578356689847  -0.66324481044611  0.22322987881366516  -0.11412637945448706
1.2518471182992716    -109.21691650077534   0.16271459208347325  -0.4021650993419692  0.3927700231786107  -0.10397021209272551  1.0120982303211445  -0.21419676422850045  0.5007724813174559  -0.2218200636668273  -0.048547929073794044  -0.6465769170929081  0.39506716692900085  -0.15899949517223505  -0.012004140986135656  -0.6625095504515678  0.22288278666799777  -0.11398424782059646
1.2518208924017609    -109.21694358987399   0.16230047240641898  -0.4027009928017198  0.3933452022588042  -0.10412000960683382  1.0127694786599029  -0.21450351614084168  0.5035062425219871  -0.22344000655770843  -0.047841226178199525  -0.6466701903978833  0.3965531887283121  -0.1592497563922263  -0.012182029311627117  -0.66195888324738  0.22266767232056725  -0.11401064958592876
1.251818378908692    -109.21681113817024   0.162275976032772  -0.40271098513814374  0.39337890260205577  -0.10417399348818197  1.0128099391423244  -0.21440671984642487  0.5045338476403362  -0.22393423467199908  -0.047776545144687176  -0.6471351612855303  0.3969424789838388  -0.15932693332029618  -0.012228087246509572  -0.6623707701357118  0.222798938962756  -0.11415076839710002
1.2518022248811949    -109.2170245658667   0.1618582993526951  -0.4030624285228874  0.39405442473728713  -0.10448273661279377  1.0132499308247016  -0.21449127991118874  0.507144154002587  -0.22526898334255754  -0.04720747395321705  -0.6476777285362849  0.39813434185656743  -0.15951242667170992  -0.01239135840832302  -0.6625621936368821  0.22295787780075388  -0.11430351818283947
1.2517958662184876    -109.21719212753487   0.16172649755579988  -0.4028547728749468  0.39419608703540376  -0.10464153367222866  1.0133972658129122  -0.21444437142748266  0.5089500599668566  -0.22597000303163317  -0.04693812475019585  -0.6485041962685861  0.3986929686415255  -0.15951748911177832  -0.012483968717218144  -0.6631884682917909  0.2232825551323677  -0.11446617630207055
1.2517941389874014    -109.21736372539215   0.16166700972546494  -0.4027702437461795  0.39426676785152603  -0.10467843859241842  1.013346213076232  -0.21427604026048086  0.5100139702954332  -0.22641566223514362  -0.047029548639206074  -0.6491578535642567  0.3989951627773821  -0.15956881874710252  -0.012505886781183662  -0.663947827374624  0.22360699398186437  -0.11475586002952595
1.2517929935578542    -109.21734421577598   0.16169043413264583  -0.40272207705211105  0.39423953238227205  -0.10469716678544336  1.013329272091082  -0.21432741501082173  0.5097314469956853  -0.2262183892385114  -0.04707258348835933  -0.6490596875838128  0.39882714570751004  -0.159548433834197  -0.012483285154135774  -0.6638753527757175  0.2235878799608999  -0.11473932686752612
1.2517909385636476    -109.2173143816783   0.1617284061232661  -0.40263841805705974  0.39415346763798587  -0.10470055603769096  1.0133440811475694  -0.21448905493934994  0.5094365498811133  -0.225952001857225  -0.047200755417799875  -0.6488761917370737  0.39859498203037613  -0.1595489117101088  -0.012420521467293728  -0.6636936591902779  0.223529540623533  -0.11474478758336767
1.2517880738566989    -109.21728126757196   0.16175597346423995  -0.40253407801972385  0.39398043322806975  -0.10466677726416837  1.0134717527453705  -0.21484164080202398  0.5093725736959668  -0.22574944791946794  -0.04738038285848465  -0.6485679826814469  0.39842370088793955  -0.15958466643914954  -0.012323466734958538  -0.6632579290814566  0.22337924950497975  -0.11474170213230526
1.2517848368072453    -109.21718667673184   0.1618473125291431  -0.4023283342112242  0.3935301717171005  -0.10451533453665297  1.0137791219763348  -0.215552575319364  0.5095824524022772  -0.22558236347398125  -0.047727662478760285  -0.6479655525023819  0.3982988858904171  -0.15968062150229273  -0.012119870086031945  -0.6623523975974072  0.22304571649390484  -0.11467201182191095
1.2517818591313135    -109.21718104502332   0.1617914150124954  -0.4021911523007871  0.39314423885437294  -0.10441633332313993  1.014269354115616  -0.21647942384841798  0.5099834298683414  -0.22552412579290426  -0.047926007101056455  -0.6471711671813533  0.3982943084167284  -0.1597318455513425  -0.011997558892253053  -0.6610233802970836  0.2225992986248122  -0.11451406594747565
1.2517799261669578    -109.21719249101093   0.161792512585703  -0.40220328188006416  0.3931293279668559  -0.10438375778463259  1.0142776822457948  -0.21640960876529983  0.510265863260571  -0.22573647733466223  -0.04787728687255842  -0.6472871271091754  0.39847294262399324  -0.15972706911037385  -0.0120231030061654  -0.6611423080709  0.2226353224423804  -0.114504431958167
1.251778499883563    -109.21718341540944   0.16180277295722156  -0.40217049574892905  0.39298142656487656  -0.10430753397946425  1.014391567377131  -0.21654346855168835  0.5105152554349673  -0.22591530533364032  -0.04785829361089406  -0.647169833814737  0.3986347310289494  -0.15969645612347447  -0.01202578157573803  -0.6609259446318949  0.22254773419907142  -0.1144071647775033
1.2517774658015948    -109.21714609769836   0.1618274028736064  -0.40210463885016984  0.3928050414802185  -0.10424420188685773  1.0145053523201986  -0.21674168026355278  0.5105750084911758  -0.22596137156321547  -0.04788425704754576  -0.646964653124632  0.39867431445890184  -0.1596470326580522  -0.012007765718665067  -0.6606423714976579  0.22243201529061155  -0.11431280195884717
1.2517765071725844    -109.21716352113182   0.16192982805901385  -0.40187245239853464  0.39218038014366313  -0.10394691925867315  1.0149334552578428  -0.21760927417992715  0.510123867225411  -0.22582086616967842  -0.048026663692279224  -0.6458606298282978  0.3985418666053695  -0.15939141283171157  -0.01191521598845521  -0.6593304948275437  0.22191038241672265  -0.11393400606387155
1.2517737079288134    -109.2170171942962   0.16198623069115656  -0.40177024924564697  0.39199624890070467  -0.10392320880559214  1.0149809135474555  -0.21773514820202966  0.5102846563976088  -0.2258960816084661  -0.048134308552538196  -0.6458411602060864  0.3985570139232593  -0.1593489509706444  -0.011902429433184227  -0.6593709015762298  0.22188898014534017  -0.11396290963469237
1.2517727800978147    -109.21698259645581   0.16201532829561596  -0.40173446076618347  0.3919615246606573  -0.1039174942335468  1.0149748400234035  -0.21778486351009957  0.5101437521907689  -0.22582369589219906  -0.048190865097600524  -0.6457911414628886  0.3984632778692674  -0.15931752126912194  -0.011898854267171974  -0.6594056348046983  0.2218857392782214  -0.11399483516502008
1.2517720999808033    -109.21695769739031   0.1620535395970213  -0.4016890997680491  0.3918983988855362  -0.10388489494064743  1.0150049641442906  -0.2179066556971311  0.5099369344148239  -0.22573858810296482  -0.04824740101439062  -0.645642756855396  0.3983524367710854  -0.1592658583293664  -0.011904309886363984  -0.6593462276144295  0.22184408680002907  -0.11399483642999178
1.251771478697363    -109.21695024329549   0.16207257915122517  -0.40165982864083294  0.3918702037573525  -0.10386390843360294  1.015046233124602  -0.2180129064740339  0.5098663455342154  -0.22572018628687235  -0.04827464280611549  -0.6455465469365766  0.3983053819699772  -0.15924262663511582  -0.011931012602784159  -0.6593152409959429  0.22182536647260281  -0.11398773451968511
1.2517691850194064    -109.2169498955984   0.1621084616486678  -0.4015681670375988  0.3918318763597277  -0.10382296564391638  1.0152227136115084  -0.21840333304322374  0.5098282335042783  -0.22576614520387991  -0.04833587870095295  -0.6452806740729305  0.39821695364457055  -0.15919479211080975  -0.012070873233291469  -0.6593042557109031  0.22182139669576434  -0.1139686130371053
1.2517658145567618    -109.21696928637492   0.16213150748888913  -0.4014177794365678  0.39176361345440236  -0.10378775641132328  1.0155708104971581  -0.2191129023296173  0.5100529136098598  -0.2259463804053453  -0.04843587026532092  -0.6448745363197195  0.39815823988484383  -0.15916893705477578  -0.012274524191497995  -0.6592601608589556  0.22184529187343155  -0.11393940134542216
1.2517609774402487    -109.21714608131262   0.1620755302300204  -0.40116024443043447  0.3916781803399905  -0.10375930879886339  1.0163356891236535  -0.22065880140182825  0.510716599935943  -0.2264970657851218  -0.0486426062488354  -0.6441185313661837  0.398082839660328  -0.15910389908294936  -0.012744857503285524  -0.6593815969659855  0.22203847223426068  -0.11394091399559933
1.2517529497948714    -109.21729052655634   0.16202997082874684  -0.40088825950047896  0.3917563114296191  -0.10383739600642661  1.0171131068952024  -0.22216846312088395  0.5119265170090618  -0.22728983071331635  -0.04881766560165604  -0.6436489997784897  0.3981468936553171  -0.15916444246805192  -0.013220008183465826  -0.660013727083075  0.22245752994394233  -0.1140613388526991
1.2517464400324152    -109.2174512605081   0.16191407276253664  -0.4008133260032445  0.3918198914317383  -0.10392278730722444  1.0175575450498693  -0.22296510093228028  0.5128890900151486  -0.22790952559712785  -0.04886438789123873  -0.643513181306031  0.3983164706117636  -0.1592180202458869  -0.01343992953961141  -0.6604400936845164  0.22276488083695528  -0.11413649110091748
1.2517411079362677    -109.21766884311542   0.161722677697544  -0.40086135584078136  0.392010415226047  -0.10405976639823035  1.017948151997109  -0.22362859659952414  0.5139873098493465  -0.2286549548810553  -0.04883269906840793  -0.6435770077415074  0.3985495672585944  -0.15928747742468166  -0.013642172915803155  -0.6611347852084719  0.22317512795189456  -0.11427383710707924
1.2517379246261193    -109.21777233489225   0.16158306967732114  -0.40098810403089413  0.39220688217818234  -0.10414377049201494  1.018188607613379  -0.2240172735809858  0.5145599759237256  -0.22911381383391785  -0.04872395728030797  -0.6435758173801236  0.39869340379294416  -0.15932965888204356  -0.01378000600684126  -0.6615243164495006  0.22336643945265483  -0.11431774353524889
1.2517311754152298    -109.21781690711238   0.16115828636605453  -0.4014099446916763  0.39279077482244146  -0.10439980428342112  1.0191151653107593  -0.2256574717110408  0.5162657766476799  -0.2306450405917371  -0.04843746011740669  -0.6431995159159719  0.3990866558781673  -0.1594006733323327  -0.014319267931498951  -0.6627277998384011  0.22375277793965087  -0.11432425881087437
1.2517245248695692    -109.21814681251135   0.16084907328349277  -0.4018023480553095  0.39326574871157594  -0.10442136676714711  1.0196783961793634  -0.22669498360850904  0.5168909964129842  -0.23149561767971968  -0.04816571546623166  -0.6427810622817532  0.3992183634318499  -0.15934409645472572  -0.014622120183257297  -0.6633530653252218  0.22389043757188398  -0.11425123984846176
1.2517216456985816    -109.21805890693894   0.16088835823339204  -0.40183961406195123  0.39326349415461215  -0.1043645880413704  1.0196726208850495  -0.22674901136454603  0.5166003963722882  -0.23138312069095215  -0.048167938763346636  -0.6426155997532018  0.3991263771732452  -0.15929914300166106  -0.014637239667847954  -0.6632398866949323  0.2237353179531661  -0.11417296598311302
1.2517196992122754    -109.21798192358594   0.16089018166524494  -0.40196761394514824  0.39336046321806606  -0.1043207539074892  1.0197223331224945  -0.22693086766305895  0.516520566175985  -0.23142415556860124  -0.04814847419451136  -0.6424786254146634  0.3990771130568276  -0.1592754740725188  -0.014711935031397427  -0.6633269759293532  0.2236239426676298  -0.11407845825596603
1.25171846699256    -109.217971651812   0.16088649498633192  -0.40205587685873845  0.3934609072268846  -0.10432394896446756  1.0197712128921999  -0.22709214017052054  0.5167539646963671  -0.2315582194662137  -0.048143940211467694  -0.6425380888582785  0.3990821480990904  -0.15928126923896974  -0.014772885283077263  -0.6635747281170531  0.22367885218661113  -0.11408394917679267
1.2517141976421906    -109.21797942229713   0.16086420940849233  -0.4024135120044465  0.3938834044629672  -0.10437644281508195  1.0198496033427544  -0.22756267230186294  0.5177818280502443  -0.23205639484446294  -0.048148830111126986  -0.6429938152190968  0.39911028765285333  -0.1592695725913664  -0.01493961843125573  -0.6646720300082555  0.22395270996320965  -0.114139924162921
1.2517077172094135    -109.21796133051456   0.16089156301111554  -0.4029264867391305  0.3945293610090469  -0.10450519380551536  1.0199007767310275  -0.22829581623098927  0.5195028156279452  -0.23277562457012266  -0.04819124879517206  -0.6438610393848484  0.3990849052194433  -0.15910856780173857  -0.015092781327879544  -0.6664888513412435  0.2244013549762915  -0.11427173933366333
1.2517023088057813    -109.21806866335186   0.16093423206734744  -0.403930488164573  0.39572923469234367  -0.10472739323231725  1.0198317560687877  -0.22959211846588712  0.5227604458535384  -0.23398564173103265  -0.0483881333860409  -0.6457425376209297  0.3989280192658844  -0.15863081078068336  -0.015360842946148406  -0.6699785684955594  0.2252621817265596  -0.11451268493028242
1.251691965485064    -109.21811099042583   0.160965039692968  -0.40415425546651346  0.39612823122755575  -0.10490608610609387  1.01988359543874  -0.23013881924951804  0.5242623794722885  -0.23455976141384802  -0.04846418108186319  -0.6464372259190845  0.398971768895636  -0.15845856841014885  -0.015384331397431452  -0.6713257483760123  0.2256959310785408  -0.1146308325613903
1.2516866307675982    -109.21817720550446   0.16101678949373488  -0.4042287128197188  0.39629019343228344  -0.10502067460332648  1.0198228839787036  -0.23039633679950688  0.5250850952332062  -0.23476544925565315  -0.048577862160171056  -0.6469124409758165  0.39893498959167667  -0.15822724037538446  -0.01532566165765858  -0.6720555746008244  0.22593918846375552  -0.11467401843188382
1.251683351619577    -109.21819422426832   0.16109525401406924  -0.40437582890069307  0.3964474011918033  -0.10508332177756705  1.0197572012876803  -0.23068584377228812  0.5256540230392466  -0.23488179610852922  -0.04866758190853916  -0.6472548924056668  0.39883507205808766  -0.15796069313724473  -0.01531720949728002  -0.6726735511815805  0.22609755185147726  -0.11463295647390936
1.25167812775948    -109.21814359744582   0.16125581580866935  -0.40469060981947247  0.39669156760206514  -0.10515461052087967  1.0197191436313575  -0.23131192498005018  0.5263483206136844  -0.2350391734590241  -0.0487500448190063  -0.6475734323405292  0.39862307448196  -0.1574657492685978  -0.015375926429710184  -0.6735500723154054  0.22629120213952655  -0.11445397730696072
1.2516743631618679    -109.21813834926365   0.1615129052552592  -0.40526159354341035  0.3971440636389139  -0.10515429422793292  1.0196943788964898  -0.23233852056301893  0.5271747232366606  -0.2352299812134737  -0.04882540396338392  -0.6478822878279445  0.3982552279766787  -0.1567609882636757  -0.015550079314640967  -0.674814375265456  0.2265155455908942  -0.11410848909382176
1.2516717574810383    -109.21777836176166   0.16175403333233246  -0.4055178648463328  0.39719854287735396  -0.10523717969093441  1.019749891471905  -0.23302895664128234  0.5273356011539883  -0.23521455622685822  -0.04883026177924767  -0.6477416220598562  0.39801070970021984  -0.15627879729964195  -0.015692215710672953  -0.6751816543960055  0.22657241130841607  -0.1138015477038562
1.2516699130399882    -109.21786848373009   0.16166066517602964  -0.40540543378300703  0.3971484023538866  -0.10518338162210196  1.0197818530297087  -0.23278216437315954  0.5271074387171591  -0.23519662771861555  -0.048791100824244524  -0.6476293592369119  0.3981162700592495  -0.15653181602403024  -0.015684970941211653  -0.6748766985221482  0.2265043906460245  -0.11390036612098486
1.2516694788725893    -109.21786681793124   0.16165272421970117  -0.40538135747264126  0.3971319552401406  -0.10516315011304389  1.0198056180151422  -0.23276977862694978  0.5269949016728066  -0.23516703393289903  -0.048774645187217  -0.6475295548426518  0.3981268262414234  -0.15659061065630203  -0.015708582354482574  -0.6747544948426563  0.22647195859299887  -0.11389979680188353
1.2516690366064471    -109.21785116819746   0.1616644234434461  -0.405365278598936  0.39712404686651703  -0.10515631137375224  1.0198230953839085  -0.23282528301027505  0.5269300841000766  -0.23512515477539872  -0.04877593536439109  -0.6474346447566903  0.3981113624598179  -0.15660272449330082  -0.01573814043438994  -0.6746751712507302  0.22645246020982782  -0.11388315741660934
1.251668018282312    -109.21782120589634   0.16170273442452446  -0.40534155875977745  0.39712967241675706  -0.10516357302310336  1.0198486390175385  -0.2330371091250643  0.5269007498438742  -0.23503299117720025  -0.04881049276122615  -0.6472639687084706  0.3980482455614804  -0.15657555960010594  -0.015803264384843307  -0.6745920936983573  0.22644165948293388  -0.11384747457462685
1.251666308736019    -109.21781000708982   0.16175299371657018  -0.4053899990947791  0.39725153002178415  -0.10521633689761022  1.019896768297365  -0.23359356461083566  0.5272469924182892  -0.23501130629371086  -0.04890690700131758  -0.6471455296865303  0.3979250268922647  -0.15647142284763133  -0.01593047515182064  -0.6748063796684168  0.22653703309868925  -0.11384009561794498
1.2516654249323964    -109.21777107854643   0.16183619082606054  -0.4054563604348486  0.39736759804281  -0.10529533494808575  1.0199140047707465  -0.23415151275151536  0.5276763735330741  -0.23500309587880175  -0.0490142411486878  -0.6470962545988714  0.39779172069557717  -0.15629935856078975  -0.015991321553044176  -0.6751284918436927  0.2266619827942458  -0.11381971582504623
1.251663543662137    -109.21779199176609   0.16186886667179423  -0.40558329762963474  0.39755339156137653  -0.10538072910771439  1.019956028574204  -0.2348810077209334  0.5282855519554303  -0.23506130710769696  -0.04915192512033954  -0.6470646589469524  0.39764392057161624  -0.15613048688863163  -0.0161149350260062  -0.6755841459213556  0.22683622278998591  -0.11384352411229601
1.2516622691927388    -109.21783032706333   0.16186772539021685  -0.40570515896764264  0.3976922227909898  -0.10545146485064963  1.0199772798879139  -0.2354096109231274  0.5287991473373129  -0.2351529614374113  -0.049257335650170514  -0.6470837707152491  0.3975516243243773  -0.15599934414779673  -0.016166325230301225  -0.6759938211634878  0.22698600474362435  -0.11388513423245872
1.2516613426040348    -109.21786271464477   0.16184886616135793  -0.40580970662884036  0.397776981990154  -0.10548834914438637  1.019995331449659  -0.23577245070667754  0.5291170361875662  -0.23523407667377633  -0.049320549359224045  -0.6470592291041095  0.39749821141772484  -0.1559162690852474  -0.01618238641237837  -0.676266853743785  0.22707350333501095  -0.11391902528008473
1.2516598760607038    -109.21788374135019   0.16181168829556364  -0.40595538181273444  0.39786373733611674  -0.10551207192730729  1.0200410164097173  -0.23632110965942366  0.5294182813915559  -0.23532034136456223  -0.04939477556063058  -0.646868417239205  0.39742270306293725  -0.15582440219294966  -0.016215918134501805  -0.6765286065147242  0.22713380344170242  -0.1139534972026366
1.251657514177379    -109.21784733106844   0.16172269114806262  -0.4061715479494823  0.3979556835388936  -0.10552374904358268  1.0201433590963098  -0.23735178801470636  0.5297357300689106  -0.23541180254269176  -0.04951878089573094  -0.6462704301565071  0.3973023287433937  -0.1557457315057007  -0.016312281105791443  -0.676761969272082  0.22712793399146763  -0.11400073707948782
1.2516571472705298    -109.21789857685181   0.16169753222432598  -0.4061965131755531  0.39795911265633316  -0.10549420082739132  1.0201692217437333  -0.23756345402113033  0.529707680039463  -0.2354011809796223  -0.04953246467091358  -0.6460733249160712  0.39727760427142483  -0.15573501405887463  -0.01633814315263877  -0.6767170082764674  0.2271037107450114  -0.1139903581348516
1.251656160695411    -109.21784078561559   0.16166197737622012  -0.4062325361962307  0.3979240053144753  -0.10546541231867256  1.0202182278447816  -0.23791842633547636  0.5295785062435713  -0.23536234157205857  -0.049551552682664965  -0.6456652720141304  0.39723999435753904  -0.1557496534092489  -0.01639034001776525  -0.6765702035469685  0.2270094375513465  -0.11397540907557688
1.2516550858078754    -109.21777754918676   0.16165216660727846  -0.40620217014337273  0.39780054033615714  -0.10541471088519261  1.0202480858204512  -0.2381554070586727  0.5291932040106476  -0.23522463684345205  -0.049528940421721165  -0.6451786184588844  0.39719639211003177  -0.15573600871556514  -0.01643195014887403  -0.6761869722189393  0.22685830669865367  -0.1138937551428144
1.2516538241850246    -109.21770303675925   0.16166499953448005  -0.4061611761825549  0.3976225072606288  -0.1053512933271305  1.0202773320955496  -0.23863388537078029  0.5286859482441895  -0.23500775056116108  -0.04948661573714345  -0.6444678395256647  0.39708628687664466  -0.1556219579861482  -0.016504795502375356  -0.6756550119905853  0.22666450371055094  -0.11373366604571204
1.2516532750282963    -109.21767048332808   0.16166864594336347  -0.4061542304721094  0.3975213339705328  -0.10533021282150463  1.0202599300749688  -0.23913079788744804  0.5284697792184015  -0.23489552228350238  -0.04947215108339702  -0.6440020218676819  0.3969839922120027  -0.15549291050762917  -0.016568074759186466  -0.675392406868484  0.22655593746390912  -0.11354064321527965
1.2516527139991973    -109.21767235313123   0.16170279912376465  -0.4062043265177152  0.3975807599360756  -0.1053552524047801  1.020261212701614  -0.23958519083071575  0.528703776055083  -0.23490363904378223  -0.0494915047529658  -0.6439207544035952  0.3968783336851149  -0.15536484707033513  -0.01662333120662279  -0.6755388251013952  0.22660862512352725  -0.11350561491532188
1.2516523594180486    -109.21769269733001   0.16170425204791625  -0.4062529355322717  0.3976387145289282  -0.10537255948720634  1.020242708971771  -0.2398385945528759  0.5289255552623819  -0.23496591122476676  -0.04949914271652869  -0.6439667722764743  0.39682654580432436  -0.15531280023832705  -0.016641385878513187  -0.6757082856383797  0.22665591228753182  -0.11348647848237735
1.2516515418758054    -109.21771949876135   0.16173009674276445  -0.40637664726213485  0.39779364520650057  -0.10543312970216755  1.0201512472148557  -0.24059284034757217  0.5295771121398831  -0.23515798087438144  -0.049491731700277805  -0.6441314687915777  0.396667560833194  -0.15515802337498893  -0.01666349151302223  -0.6762018193885986  0.22678328617339427  -0.11337431955823404
1.2516506557167577    -109.21776591838392   0.16166266223154585  -0.40657826550909215  0.397939813681125  -0.10544206384679893  1.0200455077962678  -0.2416775489731182  0.5302334457110033  -0.2354398282984407  -0.049483779284548945  -0.6440917460685647  0.39648622347158086  -0.15507243048410332  -0.0167126962255196  -0.6766722643507952  0.2268308706562262  -0.113241303376695
1.2516495214321346    -109.2177428493497   0.16164112721414128  -0.4066313736732316  0.3979412649291564  -0.10542577588524571  1.0199737884577815  -0.2421255010281407  0.5303511031263758  -0.23553490880250763  -0.0494379523215448  -0.6439827422361646  0.3964117635402002  -0.155062367205174  -0.016709789740570923  -0.6767249909921458  0.22678234292593566  -0.11312480606489166
1.2516480459569739    -109.21767517747963   0.16156441784669287  -0.40672448536551703  0.397868369934652  -0.10534432964444053  1.019796950089985  -0.24301528957601556  0.5303809767795556  -0.23573969379568147  -0.04929998296190661  -0.6436367608940111  0.39628242170942507  -0.15511365168124103  -0.016679528644356744  -0.6766468663613572  0.22658682737110866  -0.11285465079641052
1.2516478484566016    -109.21767456688926   0.16155551894501313  -0.4067228792518307  0.3978399649545634  -0.10532392498566684  1.0197585193415941  -0.24307698968789554  0.5303360655692883  -0.2357738190180456  -0.04927158102852194  -0.6436019098041966  0.3962800230278937  -0.15512582341772133  -0.016664304832714937  -0.6765970616280392  0.22655391766770627  -0.11282323853597599
1.2516476404279728    -109.21763650157109   0.16156648094733406  -0.40669981629618873  0.3978044544183297  -0.10531990892700052  1.0196770992734852  -0.24305376396403286  0.5303154110123636  -0.23584812732611407  -0.04923265489541858  -0.6436792857307374  0.39629878638108434  -0.15514415317553729  -0.016633422936370983  -0.6765722651657238  0.22653503037712663  -0.11280025242330054
1.251647075874055    -109.21767163045087   0.1615574908681418  -0.40664152572870726  0.3976964349072085  -0.10525002735668948  1.0195332074224193  -0.2429678918346657  0.5300964642497608  -0.23595899592453487  -0.04914530899068325  -0.6436931348514391  0.39635278030131554  -0.15519765179633632  -0.016559961117111794  -0.6763705239780445  0.2264565920884763  -0.1127498153524371
1.251647075874055    -109.21767163045087   0.1615574908681418  -0.40664152572870726  0.3976964349072085  -0.10525002735668948  1.0195332074224193  -0.2429678918346657  0.5300964642497608  -0.23595899592453487  -0.04914530899068325  -0.6436931348514391  0.39635278030131554  -0.15519765179633632  -0.016559961117111794  -0.6763705239780445  0.2264565920884763  -0.1127498153524371
1.251647001311837    -109.21769647859392   0.1615578272117963  -0.40663532208656505  0.3977013612188187  -0.1052443447798479  1.019529289393132  -0.24296801353866532  0.5300980579518629  -0.23595878751445643  -0.04915006670268084  -0.6436914849227311  0.3963554915306181  -0.15519861361085352  -0.01656026845179427  -0.6763687174276262  0.22646115219189608  -0.11274838022379309
1.251646940098692    -109.21769955146166   0.16155868335655052  -0.40663131195145685  0.39770240450542715  -0.10524426092203651  1.0195251847392934  -0.24296877041355297  0.5300991197338389  -0.23595927928842914  -0.04915480421678637  -0.6436916950132058  0.3963574460394641  -0.15519976514625122  -0.0165644933513346  -0.6763666071890405  0.22646258902007474  -0.11274954624988641
1.2516465441086764    -109.21769975793435   0.16158100251384605  -0.40658820101562093  0.39771261518794354  -0.10524897186922418  1.0194857588535289  -0.2429770205124758  0.5301101128319914  -0.23596449101254308  -0.04919332491364115  -0.6436900486289943  0.3963769241476252  -0.15521471013240978  -0.01659847087663733  -0.6763483616219471  0.22647472267627924  -0.11276665851743238
1.2516461439332949    -109.21769176923449   0.16161659395196087  -0.4065344903732697  0.3977221886289799  -0.10525741542413045  1.019437417263388  -0.2429905270472355  0.5301226214540089  -0.23597469678463176  -0.04922898702472911  -0.6436877687693102  0.39639914688341005  -0.1552284362704705  -0.01662875731442586  -0.676322694404244  0.2264965931733887  -0.11280311457056726
1.251645206226267    -109.21771531396672   0.16170237427446346  -0.40638358978075284  0.39772140206754625  -0.10530048471309089  1.019276408279209  -0.24303737391038696  0.5301561865558255  -0.2360280171322039  -0.049333213451358264  -0.6436791713195932  0.39647292055748207  -0.15524040316849164  -0.016685164369596512  -0.6762281006739151  0.226610994592711  -0.1129372945610576
1.2516446523227411    -109.21768870596784   0.1617832327497909  -0.40627504223731514  0.39770818387166196  -0.10534044969897577  1.0191471945976278  -0.24307250481051218  0.5301815420944591  -0.23607942954489528  -0.049397402547910634  -0.6436584288063117  0.3965383515105708  -0.1552557909932677  -0.01670011370963276  -0.6761651190643483  0.22669806408385418  -0.11304089185059209
1.2516444430231841    -109.21769778330281   0.16178407043899476  -0.4062751248232497  0.39769634737705245  -0.10534101762576625  1.0191316817459142  -0.24307913892899072  0.5301810482063559  -0.23609338274292582  -0.04939301867680065  -0.6436583726654954  0.3965445548102306  -0.1552477148618361  -0.016690174909722206  -0.6761545698007915  0.22671418819437814  -0.1130637125520974
1.2516443036440057    -109.217702803957   0.16178300929602873  -0.4062807953370573  0.3976821753325572  -0.10533361170047748  1.0191115898765215  -0.24308480721159031  0.5301805866659509  -0.23611134299054576  -0.049385370783022735  -0.6436550870720888  0.3965554504290596  -0.15524442286456247  -0.01667837240813408  -0.6761491520118054  0.2267198182105119  -0.11308038821373045
1.2516440762396022    -109.21770236139295   0.16178620408738112  -0.40627994174314597  0.39765737863582556  -0.10531710870482558  1.0190556514789157  -0.2430972044899415  0.5301840751204362  -0.23615001087861143  -0.04938032523603912  -0.6436453145813439  0.3965873172117519  -0.15524808343391952  -0.016666655702879177  -0.6761382826556536  0.22672204145954822  -0.1131089589564774
1.2516435529251009    -109.21769211235292   0.16180070786184408  -0.40625425967765555  0.3975967099451709  -0.10527190102102034  1.0188767236367209  -0.24313589742360167  0.5302020792599431  -0.2362593899300189  -0.04937225575591048  -0.6436177450260916  0.396688304829436  -0.155270136036643  -0.01665194210959327  -0.6761035873532032  0.22671690188276858  -0.11318084525295202
1.251642821767934    -109.2176743302913   0.16180835992014192  -0.4061936976211437  0.3975133971795746  -0.10522309369718168  1.0185906342488165  -0.24320263966779232  0.5302442713756822  -0.23641191374423487  -0.04932629252683102  -0.6435887878159782  0.3968435898599185  -0.15531189471959372  -0.016643685542981183  -0.6760390682022503  0.22670456120078877  -0.11324765316581409
1.2516425044268602    -109.21771405043467   0.16181793309582537  -0.4061257097761838  0.3974726676328873  -0.10517719995606581  1.0183725764899347  -0.24325943806544637  0.5302846565320466  -0.23651182589050038  -0.04928381979392785  -0.6435764769748847  0.3969549571183281  -0.15534927591969966  -0.016650658277560713  -0.6759765988560192  0.22670624599460115  -0.11329395355368858
1.2516413772340662    -109.2176588666166   0.16182511241564176  -0.405988992962651  0.3973415622379741  -0.1051120610134296  1.01785079702494  -0.2433900956771093  0.5303783778382752  -0.23676010253220048  -0.049161784589803297  -0.6435453456467923  0.39722715710012163  -0.1554402628737098  -0.01666471970124846  -0.6758457232810008  0.2266726582492166  -0.11337218961519706
1.251640378037646    -109.2176257132151   0.16181355751546375  -0.40585261559975394  0.3972443523965199  -0.10507416990184694  1.0173962469577347  -0.24351604755185907  0.5304773330139825  -0.23694712641705157  -0.04900451768865612  -0.6435411616003746  0.39745017767162166  -0.1555298976837234  -0.0166893069238748  -0.6757139103520489  0.2266460049512836  -0.11339950316190829
1.251638876244386    -109.21760758872526   0.16176718134643653  -0.4056307234474245  0.3971041877763586  -0.10503855643865768  1.0166858673013301  -0.2437300057928684  0.5306514118877101  -0.2372068678082598  -0.04869774575544226  -0.6435602767801898  0.3977785947191651  -0.15567873842324487  -0.01672516680541417  -0.6754837896792786  0.22662195074313668  -0.11340814877077544
1.2516373381788923    -109.21762041615196   0.1616833782971936  -0.4054091700917067  0.39695333010984846  -0.10501028531128247  1.0159113293037367  -0.24398386045460332  0.5308572897234639  -0.237459364014819  -0.04832154188734536  -0.6435959640295403  0.3981096443418859  -0.15585946750424823  -0.01673349451632683  -0.6752173698901563  0.22661158079914964  -0.11342731715311931
1.251636959757299    -109.21766817338732   0.1616204328990916  -0.405343612694307  0.3968988302731894  -0.10501740083294707  1.0156393110991446  -0.2440747461958986  0.5309365831584991  -0.2375308699625959  -0.0482060989087379  -0.6436023578970834  0.3982181403759472  -0.1559268369462858  -0.01671191596253112  -0.6751262736149111  0.22662448223667808  -0.11342426137157945
1.2516361215355007    -109.21768880173605   0.16154892338048366  -0.40523614291083404  0.3968204729811043  -0.1050198805633964  1.0152065259140393  -0.24423764484787405  0.5310702622277342  -0.23763445952729514  -0.04796277260766191  -0.6436298668934181  0.39837487528558935  -0.15605173368833805  -0.016679256827761675  -0.6749670575407287  0.2266333218116381  -0.11345051280048331
1.2516359874220615    -109.21773351777959   0.1615089398274518  -0.40521988288510985  0.3968100297888918  -0.105013850386645  1.0150887816583258  -0.24429678353923429  0.5311157425391503  -0.23763470964375796  -0.04790748404636851  -0.6436488252015914  0.39839404887297236  -0.15609823656580635  -0.01667320637229043  -0.6749121659544509  0.22664243438247555  -0.11349037874298445
1.2516357241302223    -109.21772450263774   0.16151122400654616  -0.4052495593610336  0.3968238157589683  -0.10502570657193068  1.015163378624737  -0.24427474157428974  0.5311007431952866  -0.23760016404187925  -0.04794365730969547  -0.6436375509942552  0.39835769565429113  -0.15609033246348888  -0.016651153406711604  -0.6749442000847753  0.22664444420511048  -0.11348926763463435
1.2516355481663461    -109.21772076849696   0.16150573028321452  -0.4052721367894116  0.39683156376643364  -0.10503113561824386  1.015189878666562  -0.24427054588551492  0.5310996097480564  -0.23757329639744398  -0.047974759391320725  -0.6436255567211047  0.39833659319137965  -0.15609873877487077  -0.01662996767809115  -0.6749625600071067  0.2266431626778246  -0.11350501285513212
1.2516352660249734    -109.21771822268566   0.1614782350188064  -0.40527577973332707  0.3968228686077546  -0.10503064295596294  1.015088836156907  -0.24431431832423256  0.5311395460645678  -0.23756115038756764  -0.0479768276537448  -0.6436077944072012  0.3983560804295395  -0.15615449509678975  -0.016597493120308112  -0.6749484245991455  0.22663310169256792  -0.11354961852707897
1.2516349662151351    -109.21772213036195   0.16142709274350386  -0.40524030326049504  0.39679854117845925  -0.1050224265955938  1.0148203016776263  -0.24442156097584944  0.5312343275974565  -0.2375668696157525  -0.04791051328568728  -0.6435935329118101  0.3984324895993896  -0.156255002980501  -0.01657449932025437  -0.6748843154081561  0.22661020813227936  -0.1136004462289096
1.2516349384610022    -109.21770691624772   0.1614215242849419  -0.40524454451305875  0.39679623875335446  -0.10502968087629712  1.014806719327817  -0.2444296186665426  0.5312415356099107  -0.2375582254836305  -0.047906463598880615  -0.6435912132936078  0.3984324442013331  -0.15625912515131737  -0.01657170937308103  -0.6748838858773732  0.22660710287186694  -0.11360200719740364
1.2516348543810507    -109.21771147360761   0.16140057692813822  -0.40522336248087715  0.39678717494513216  -0.10502319881297664  1.0146786335699594  -0.24448094928088507  0.5312860558691632  -0.2375602336642474  -0.04786756718844818  -0.6435880001934617  0.3984701974567037  -0.15629762884538892  -0.016573020598629907  -0.6748512197180518  0.22659502924066013  -0.11361788492339624
1.2516347662526257    -109.21771056900238   0.16139461076048453  -0.40522873093904943  0.39678990668455905  -0.10502224565524017  1.0146409485024792  -0.24450163080235687  0.5313027027063644  -0.2375385451312987  -0.04785825984961523  -0.643579704340666  0.3984741702846128  -0.15629477073457013  -0.01657514677285067  -0.674850198452313  0.22658893080934475  -0.11362137960484185
1.251634327323016    -109.21769236115077   0.16137014108024703  -0.40528731251268785  0.3968110923380079  -0.10502481073578171  1.0144646212241861  -0.24461304986936616  0.5313884453115395  -0.23738209367218144  -0.04780929819950783  -0.6435196112437654  0.3984762370180535  -0.15623793053045404  -0.016583072420922502  -0.6748688826859682  0.22655900672022494  -0.11362897194472131
1.2516339348857053    -109.21765669015188   0.16136053895097835  -0.4053706141449162  0.3968342741699342  -0.10503172088007016  1.0143290864990504  -0.24471273646180594  0.5314601889859427  -0.23720642300551156  -0.047770932643813165  -0.6434470928278375  0.39846268145875846  -0.1561479078398622  -0.016587699490921266  -0.6749122341976806  0.22653436346039885  -0.11362491053540842
1.2516335411493806    -109.21755158982594   0.16138178570231868  -0.4055152109701408  0.3968461187093909  -0.10502233107949396  1.0140452458303806  -0.24490310605687776  0.5315745902720648  -0.23695741468547685  -0.04769762810142161  -0.6433186688626841  0.39846599320299136  -0.15602822025855245  -0.01659754597379823  -0.6749781255596426  0.2265111773368717  -0.11364427440682559
1.2516333252145821    -109.21753116548707   0.16138293355914077  -0.40561240748847976  0.39685766972562236  -0.10503750862207299  1.0139807406920778  -0.24496689912145436  0.5316025731728653  -0.23681640692136757  -0.0477060497926408  -0.6432402631300355  0.3984436799481967  -0.1559166663142622  -0.01659135963979667  -0.6750484049559149  0.22651791892711698  -0.113615998607832
1.2516331648017578    -109.21752978431259   0.16138527436022182  -0.40554816387955167  0.3968390153430517  -0.10503523332782999  1.0139377075181364  -0.24496379954450334  0.5315988676851869  -0.23690735925674333  -0.047675150858996714  -0.6432672460363246  0.3984864145731049  -0.15596506852122016  -0.016593450558225926  -0.6750082270638452  0.22651766415570745  -0.1136193869692017
1.2516330887408447    -109.21752591415478   0.16139850057057498  -0.4055241585058007  0.396827520183644  -0.10503119204305297  1.0139313717494498  -0.24495904239775443  0.5315815250610867  -0.23696015462646938  -0.04766753020128109  -0.6432767901408427  0.39850384354107465  -0.15596744902100348  -0.016598300446749297  -0.67499959143776  0.2265245967143095  -0.11362094847165888
1.2516329725975979    -109.21751594940987   0.16140606109429032  -0.4054954066864582  0.39680502934732415  -0.10502416119428117  1.013804623559158  -0.24501088711492794  0.5315909367349455  -0.2370142415529055  -0.047631829716384674  -0.643266914744131  0.39855318732365225  -0.15597137006329148  -0.016600505972243013  -0.6749826222890483  0.22652990201571677  -0.11363652564386771
1.2516327424538496    -109.21749628380503   0.16141249176947248  -0.40544382889217134  0.39675510773475337  -0.1050049959541052  1.013437804587975  -0.24517332204064674  0.5316390539069392  -0.23710437686402086  -0.04753875244860976  -0.643226581510587  0.3986739400949315  -0.15597707325991023  -0.016606938743488845  -0.6749443925315025  0.22653821494750548  -0.11368216544593301
1.2516324940025518    -109.21747133667381   0.16140465743317567  -0.40534694857674186  0.3966774403938285  -0.10497119295368398  1.0126716367152027  -0.24552351115917723  0.5317716733927398  -0.23722430689370674  -0.04735439746196883  -0.643141406751956  0.39890240165592716  -0.156035268636303  -0.01661936092977087  -0.6748635204841422  0.22654826347506346  -0.11376585082914602
1.2516323614070861    -109.21743238844519   0.16139484746926663  -0.40531647732126264  0.39663778364494484  -0.10496552264479846  1.0122894246548242  -0.24570609177254568  0.5318418489697704  -0.23726081633206372  -0.047265818598862364  -0.6430957300600467  0.39900537663464086  -0.15605643752105114  -0.016629342791936962  -0.6748300032645914  0.22654989947828022  -0.11380922616673401
1.2516322377060696    -109.21744262591952   0.16138654367960054  -0.4053170642968109  0.3966346076069525  -0.10495795385988352  1.0121557471490952  -0.24577874515312614  0.531870600385322  -0.2372501090111583  -0.04724396175811508  -0.643075284046286  0.39902942777669775  -0.15606478168904217  -0.016631980337718538  -0.6748241646723516  0.22655397120041343  -0.11382793994534643
1.2516321693994346    -109.21745596260189   0.16137799494444344  -0.4053301978909818  0.3966425804778339  -0.10495645681189672  1.0120842561605665  -0.24582969385296682  0.531887965364348  -0.23721939669974493  -0.04723988929387814  -0.6430589821208751  0.3990277772346638  -0.15606473347371988  -0.016633279778894193  -0.674830790664407  0.22655937296720935  -0.11383938266560914
1.251632138079257    -109.21745880498929   0.16137613686184257  -0.4053329370190826  0.39664564680525666  -0.10495768120250624  1.0120368348851956  -0.24586301703668392  0.5318945280022453  -0.2372109596844686  -0.04723499134875177  -0.6430501387775083  0.3990293677865136  -0.15606534645160405  -0.016634381667720244  -0.6748347559426451  0.22656484311321456  -0.11384598284726614
1.2516319751176075    -109.21746855091445   0.1613746440772017  -0.4053462058180408  0.3966691559939254  -0.10497145718468208  1.011863621149919  -0.246006795434479  0.5319052408542747  -0.2371739474999144  -0.047224645990159665  -0.6430157464727971  0.39901610319551317  -0.1560643336140295  -0.016640769010864444  -0.6748653834169076  0.22659740545002552  -0.11387035731617892
1.2516317194712283    -109.217474448774   0.16138094562758473  -0.4053498462766442  0.3967085559162563  -0.1049993516612725  1.011547047678049  -0.24626787029701044  0.5319106033022897  -0.23714235412498694  -0.04719849958290359  -0.642961401596611  0.39899987312991564  -0.15606694824077444  -0.016657372881997996  -0.6749189971066833  0.22665779035426856  -0.11391033453020241
1.2516313297949462    -109.21750645613709   0.16140954209170966  -0.40532089272832567  0.39679179249655283  -0.10505003466783726  1.011249363867278  -0.24659337815861543  0.5318265533720455  -0.23717640710738938  -0.04720426408305994  -0.6429235419370264  0.3989300566906756  -0.1560642858848587  -0.016704008152462497  -0.6750308092329655  0.22676056463288763  -0.11392730685274212
1.2516311058517244    -109.21746900864443   0.16145454047358743  -0.40530559746143774  0.39689820266963094  -0.1050987332975614  1.0105983011992936  -0.2471778336484294  0.531776989732678  -0.23718209642762078  -0.04713548422233019  -0.6428278736443808  0.3988743656497533  -0.15609751556728213  -0.016770740474708303  -0.675186385381894  0.2268693623789662  -0.11398439211250223
1.2516307355817302    -109.21749643616064   0.1614676895197027  -0.4053044139294375  0.3969192190283347  -0.10511511283563536  1.0109157213006466  -0.24703265621739073  0.5316721180373799  -0.23723409169258988  -0.04720752985722952  -0.6428766841777742  0.39880000112296865  -0.15606132240735945  -0.01677337123141597  -0.6752280874139699  0.2268803936513516  -0.11392387054860299
1.251630488076537    -109.21749859308892   0.16147960571160813  -0.4053254082092525  0.39694462382331713  -0.10512480801037115  1.0111432070562754  -0.24695748806821688  0.5315781470926925  -0.23726969146857974  -0.0472540675583866  -0.6429033874796779  0.3987269878399351  -0.15603070243692385  -0.016776282931331495  -0.6752927119763347  0.22688151741836302  -0.11386560117951021
1.2516302414773535    -109.2174894076202   0.16148845671686923  -0.40535791527968634  0.3969772134502544  -0.10512932064530275  1.0111647796779428  -0.24703239994435736  0.5314949849350593  -0.23730683505679342  -0.047256212347057396  -0.6428943497877533  0.3986680481447271  -0.15600129978567062  -0.016786424333444044  -0.6753883068577486  0.22688838670076883  -0.11382044904651195
1.251629877909226    -109.21746618120255   0.16149412726802503  -0.40543465801460554  0.39704104933231416  -0.1051338688248689  1.0109822311319592  -0.24731491868703454  0.5313835086246202  -0.23733964316496695  -0.047220091638936014  -0.6428385747012608  0.3985794819317714  -0.15595470319772473  -0.016810877007707597  -0.6755739943130802  0.22690840279141397  -0.1137669757577747
1.2516297664195912    -109.21747673357928   0.16149493759962325  -0.4054699741182511  0.3970752466443085  -0.10512974613926707  1.0108424329980823  -0.24747940828326367  0.531344704896599  -0.23734551049901256  -0.04719147364078332  -0.6427997329558065  0.3985465384550531  -0.15593452308563083  -0.016816879488250648  -0.6756616482526112  0.2269230161011111  -0.11374623170206138
1.2516294416926041    -109.21744977791963   0.16148627398176202  -0.4055621399488543  0.39713523099152237  -0.10512954612693536  1.0104454701256915  -0.2478862702676306  0.5312875044576238  -0.23733679101513702  -0.04711533382597558  -0.642705881791722  0.39848761873619837  -0.155895738959172  -0.016842531518294675  -0.6758426905080528  0.22694750191949153  -0.11372581582164557
1.251629250176107    -109.21743930121721   0.16146917949052342  -0.4056280049603292  0.39717364844886255  -0.10512798926432232  1.0100444156528128  -0.24823267751479536  0.5312923109422042  -0.23729826179192082  -0.04703828689218746  -0.6426201858325618  0.3984702559489406  -0.155876149935277  -0.01686055435968967  -0.6759522912013433  0.22696957268722112  -0.11373249071816481
1.2516291929713679    -109.21743476804399   0.1614562055994671  -0.4056504056962247  0.3971811526301674  -0.10512892826275222  1.0098452061798628  -0.24837474938494888  0.5313279123218515  -0.23726090519134527  -0.046995267929114605  -0.6425797821786583  0.3984821161766962  -0.15587364496912465  -0.01686323760489295  -0.6759728903105767  0.22697693109288866  -0.11374668220751859
1.2516291388778649    -109.21743507889192   0.16144445159466997  -0.4056642085819865  0.39718929508536027  -0.10513355788208964  1.009728885700374  -0.2484646321863947  0.5313555755382677  -0.23722933452925035  -0.04696194455874262  -0.6425554882853273  0.39848633594006655  -0.1558670884345598  -0.01686638441498333  -0.6759850822066752  0.22698109680838188  -0.11374841635561347
1.2516290398255867    -109.21742625181815   0.161419738014296  -0.4056916735012762  0.397204805189721  -0.10514676327844347  1.009538463011522  -0.24862128464570715  0.5314138598075023  -0.23716352190476883  -0.04688969411604579  -0.6425125623331505  0.39849227627989375  -0.1558492075222015  -0.016872859382999383  -0.6760069663503532  0.22698162812097566  -0.11373814150914632
1.2516290232723852    -109.21744176256072   0.16141758238752177  -0.4056923843443203  0.39721113781744627  -0.10514869651789877  1.0096314152730674  -0.24857884716003137  0.5313987572952893  -0.23716747406472855  -0.046900518321055004  -0.6425277642154507  0.39847430119433846  -0.15583853921455396  -0.01687710391900416  -0.6760106304184137  0.22698096121105574  -0.1137158106358488
1.2516289629611235    -109.21743072494735   0.16140729043605995  -0.40570944188127905  0.39722619759697875  -0.10515983667843488  1.0095885556349273  -0.24864646374400667  0.5314167283296847  -0.23713726715104969  -0.04686203248888883  -0.6425129795599248  0.39846178560735296  -0.1558214688425459  -0.016885368475019636  -0.6760332617246906  0.22697812408412307  -0.11369138873357133
1.2516289389399704    -109.21742294041974   0.1614072160811584  -0.40572106215944403  0.39723924809205635  -0.10516647463236192  1.0096215229461343  -0.24866546721146127  0.5314038701837319  -0.23713693088804558  -0.04685487996506637  -0.6425122379331631  0.39844002515131494  -0.15580968872703183  -0.016893322381378882  -0.6760599668403124  0.22697746117759898  -0.11366471619759402
1.2516289344826004    -109.21742231533797   0.16140951040671256  -0.4057228405014315  0.397242348632545  -0.10516679951804823  1.0096539058865588  -0.2486569787363056  0.5313945311666368  -0.2371436717370353  -0.04686041777076321  -0.6425160931231978  0.39843162925527537  -0.1558076332117399  -0.016895410884305687  -0.6760669714965007  0.2269773956076524  -0.11365757978761978
