1.7880497983894081    -149.88892829235454   0.189135203466101  -0.404241916095635  0.383418006239157  -0.104499364226104  1.48505977431232  0.129721382044597  0.257239855118737  -0.161414201338951  -0.129358690378528  -0.616512464319602  0.365771351893268  -0.213933672998215  0.04173214169978066  -0.37318529185693  0.141166585665332  -0.09256349610724258
1.785695477878229    -149.89379028737744   0.1889669877589458  -0.40418776738636947  0.38404176974408677  -0.10308634063042561  1.4850457245320297  0.1297012757355463  0.2572819165239951  -0.16123873452891754  -0.12945039358929078  -0.6166400284069408  0.3657441857693389  -0.2139480472863124  0.041471524776035856  -0.37284998044755135  0.14197249443111123  -0.09240284111800483
1.7840257732950495    -149.89329618282738   0.1888434696852953  -0.40442584703596807  0.38391472922451686  -0.10305075767262065  1.485032656818553  0.12965131323590848  0.2572431696295378  -0.16123586370736037  -0.12952333649768324  -0.61688327055852  0.36566524942571293  -0.21395889952869362  0.040943106404216875  -0.37268132518712194  0.14201181482468372  -0.09252865233821062
1.7821903250455953    -149.8940175439132   0.18864265747767264  -0.40498841903705973  0.3838641352740211  -0.10242951460118191  1.4850051609304171  0.12952300372934683  0.2571614935004142  -0.16114120102164367  -0.12970051166233554  -0.6175154917543967  0.3654656527697646  -0.2140741097522772  0.039490743861747696  -0.3721466563516198  0.14247925426872246  -0.09277270306764296
1.7816730930362232    -149.89390547392344   0.18896069813607566  -0.4051589648935826  0.38394286573980985  -0.1021831964945843  1.4850132053529184  0.1294905789597136  0.2571282346290371  -0.1610524379646772  -0.12969950604700242  -0.6176885920248101  0.36541907564025156  -0.21431271493071233  0.03885984584791875  -0.3719739241482001  0.14285286010815323  -0.09281874697670454
1.7807062532375293    -149.8922797226753   0.19012612277507285  -0.4052891681086913  0.38422568986979805  -0.1024193918398078  1.4849527633530308  0.12956030440568148  0.25698660372320353  -0.1608682058605511  -0.13001973955182727  -0.6177623171212657  0.3655419540671094  -0.2150849709948978  0.037367054823741856  -0.37180325084160454  0.14419308255763646  -0.09260345557872042
1.7800884533862544    -149.89287989189978   0.19076026677907984  -0.4048756589006198  0.38497267979763594  -0.10300714531662446  1.4848490838097785  0.12968112194276246  0.25666365931868573  -0.16087991507103808  -0.13058803355977858  -0.617752950314033  0.3657092369089248  -0.21521976859165134  0.03610031519546824  -0.371683322349892  0.14581832554213292  -0.0926868018714526
1.7792928325533541    -149.89298015970485   0.19180184335604078  -0.40390277854356343  0.3862820046473477  -0.1044538048122561  1.4847205078153514  0.12988840990878678  0.25603079893397235  -0.16105761438910973  -0.13138049324282283  -0.6176153107399921  0.3659725761920171  -0.2151378347175363  0.03442428865224417  -0.3716893664575618  0.14819544136316995  -0.09318021625553663
1.778170801858637    -149.8935671653506   0.19332276523498554  -0.402101517438922  0.3887368638889285  -0.10673173503484056  1.4845913604300838  0.1301792499636137  0.25470791671416965  -0.16166347633167238  -0.1324477430044269  -0.6174281418910442  0.36625843300321764  -0.21446235609151962  0.031936447108152785  -0.3719170479103856  0.15164215560132877  -0.09498491023877485
1.7771376858148487    -149.89642270059232   0.19445217864655082  -0.40016632809229363  0.39213107208739445  -0.10945301635876688  1.4841399056671212  0.13085815590474442  0.25229209885050885  -0.16322191978947873  -0.1350757121338933  -0.6167135266030521  0.36695834636728203  -0.21339083086293356  0.02871151436700811  -0.3731557336202739  0.15606183047185151  -0.09803063499181365
1.7762786175431862    -149.89661658357352   0.19528740800785768  -0.3994449791740273  0.39389329722586186  -0.11043861436946754  1.4839881912273905  0.13123045407251463  0.25070568551182787  -0.16442207922966737  -0.13613300985623647  -0.6161508042892286  0.3672601242759624  -0.21278717971286878  0.02754523053376512  -0.3744004232966904  0.15763669766673458  -0.10052737174796363
1.7753811151551229    -149.89734586579777   0.19592732087111464  -0.399402680087717  0.3956746305615847  -0.11082284927178943  1.483694442098186  0.13182342638619649  0.24850886004098083  -0.1662555529598705  -0.1377763788614466  -0.6152100974036678  0.3677600489196667  -0.21230322128690068  0.026469318450998126  -0.3765550825321156  0.1590659064559087  -0.10371040305902335
1.7744204559524483    -149.89801280199208   0.19689504015982298  -0.40003382524316417  0.3976662426295757  -0.1110331344392399  1.483215978051074  0.13274463699685973  0.2454938556226825  -0.16873984813998527  -0.14011163825235803  -0.6138529077974915  0.36857278924261133  -0.2121612620688344  0.024902051847660894  -0.37973345920478385  0.16127980212134396  -0.10735508532400026
1.7737922948973053    -149.90091957943594   0.1982156960973332  -0.40097450652622785  0.40092203732332393  -0.11158314575893041  1.4825452666335273  0.13429793519124744  0.24068295815348764  -0.17225253450098676  -0.1422873995678311  -0.6124511033589538  0.36965872284004114  -0.21169514309656642  0.02213331461208353  -0.3849702944639113  0.1658218107523965  -0.11085754880435038
1.7732309870486185    -149.89932510691608   0.1988107332597769  -0.40208582890930106  0.401345400796795  -0.11154071418488616  1.4822750701691123  0.13480659223268301  0.23915822829983502  -0.17338004801502999  -0.14317126530090535  -0.6120564164938465  0.3700360481788384  -0.21214051288427097  0.020817320212413674  -0.38673954844473324  0.1669951595798036  -0.11182923548428976
1.7731293623577404    -149.89911282525685   0.1986003451290453  -0.4021973029212224  0.40099639553294913  -0.11145730616302929  1.4823339643964342  0.13473641732398384  0.23946849037647064  -0.17305848849862657  -0.14260056547463387  -0.6123515019037054  0.36990418264646496  -0.21219652536521233  0.02099495724142377  -0.386553333748126  0.16673053670260932  -0.11093801948664828
1.7727270568699347    -149.8993406675403   0.19834999631142847  -0.4027454992075867  0.4018432905521062  -0.11169063469403602  1.4821972721810885  0.13529396241366906  0.23789199583061096  -0.17378714783898702  -0.14150440097612477  -0.6129129685135672  0.36983303985039023  -0.2119744951799725  0.020014565184645984  -0.38893003085952654  0.16767516910807126  -0.10981277352061672
1.7720895063839195    -149.89975154105156   0.19769073880699017  -0.40359825144572975  0.4040156688656849  -0.11228665429135139  1.4819267495307151  0.13642694991516446  0.23446623269542047  -0.17534480896123855  -0.13911161898973962  -0.6142586317858142  0.36949429215621493  -0.21139599344980345  0.017986009630956742  -0.3941102964177006  0.1692715844052632  -0.10796151362805446
1.771385456937683    -149.90208979131103   0.1959545562600576  -0.4058157301081615  0.4077760702760807  -0.11303159954136469  1.4813438227457119  0.13816775140492066  0.2287344950318596  -0.17798992792949797  -0.13642582999260386  -0.616425746269914  0.36834741246560865  -0.2113459834691648  0.01618802387134843  -0.402910894870665  0.17203636060422106  -0.10764847630759515
1.7711682162418276    -149.90368441139026   0.19450370780855367  -0.4068897457275238  0.4195874607163558  -0.1183359525459102  1.4798103140720333  0.14178548989075682  0.21703043910872072  -0.1815482291954062  -0.1318022481877285  -0.6223219244105019  0.36503920158228015  -0.21333281570492163  0.009300071503539717  -0.42120075388651  0.17991051446983103  -0.10718721206909805
1.7701456294843787    -149.90542413182973   0.1941365118270542  -0.40683031543479103  0.4173109491615159  -0.11716761834027443  1.4799947162431548  0.14084059307425123  0.21982118693502556  -0.18049266947441853  -0.13395174727918324  -0.6212296352235732  0.365301009214199  -0.21336816594621816  0.011504681431714691  -0.41687666702374354  0.17843478961300943  -0.10898455626798269
1.769863036137226    -149.90610407464823   0.19384102707877499  -0.407156015937554  0.4176135039061095  -0.1172782754370985  1.4798608641039488  0.14074660564129143  0.22005326348080537  -0.17997961804484464  -0.1345323379026318  -0.6216460884395295  0.3647059504139431  -0.21426797097419933  0.012191277324819807  -0.4169516589385286  0.1786802025804427  -0.11003342796920092
1.7696011151875535    -149.90971990889193   0.19174609932355852  -0.4083411214887782  0.4228906444066813  -0.11974583639221548  1.4786138966965385  0.1420103239518944  0.21673656018856127  -0.17929259805838943  -0.13495915471287057  -0.6253214821373152  0.36177843256474024  -0.217435531033292  0.01163505021940321  -0.42419752067487876  0.18198807661483368  -0.11177043352812595
1.7693168478836483    -149.9085200936235   0.19139493849306277  -0.4095396568309206  0.42191949518699323  -0.11904371514564618  1.4786407585230303  0.14183850590523844  0.2177136751308619  -0.17795956478254374  -0.1335967235960194  -0.6265084996228588  0.36083738846604374  -0.21829280672439688  0.013066156423605476  -0.4242584819317177  0.1810998277557251  -0.11065272509455026
1.769257478304451    -149.90825734468586   0.1913967082593917  -0.4095545840578867  0.42204605772794895  -0.11919471606602881  1.4785957205890239  0.14200623434881993  0.21742327401391487  -0.1780609082321229  -0.13323980255449963  -0.6266435047953932  0.36088422931030284  -0.21797974604624787  0.012829904853589253  -0.4248085068297727  0.1812029742659753  -0.11015400186774009
1.7692092428680468    -149.90863572409754   0.19132338289001644  -0.4097627512998573  0.42291337618119207  -0.11957123047445184  1.4783085116508288  0.1424998499209382  0.2166128442617745  -0.1780341419600335  -0.1328319405436365  -0.627296849816029  0.3606406828597506  -0.21764857258797107  0.012425427649609234  -0.42662362978132917  0.18184777631235183  -0.10969466028356388
1.769131308450987    -149.90810054417284   0.19124762974554846  -0.4101865242863469  0.423113691197029  -0.11982660452166671  1.4780558081180153  0.1428046161939559  0.21648256015761125  -0.17754370570337813  -0.13249936545395635  -0.6280236883534972  0.3602850384811043  -0.2174827999250235  0.01247831991548535  -0.42768532141496113  0.18204943387343803  -0.1092249146699213
1.7690172739922747    -149.90786177567367   0.19119797447047357  -0.4108008391811989  0.42346737057718653  -0.12008333650802458  1.47762807745719  0.14323178758660834  0.21645908259541785  -0.17666299686862347  -0.13237776740993953  -0.6290742566237324  0.3597174999194095  -0.21725947099010434  0.012690035172338339  -0.42905904993270644  0.1824057890479831  -0.10899267285811769
1.7685930251348474    -149.90737760585236   0.19137537425718718  -0.41312332351290537  0.42516193759736043  -0.12107156625034717  1.475726919521939  0.14509839425387036  0.21646512123990366  -0.172868602643752  -0.13239824687058907  -0.6333394244732182  0.3574887085764794  -0.2158636649276987  0.013350554889992093  -0.4346384692144255  0.18405398498913397  -0.10861850977950398
1.7680290950773894    -149.9070683099265   0.19205130495280365  -0.4160960396376323  0.4282728949835796  -0.12249148419027894  1.4728921088973679  0.14799989096866592  0.2159367972512046  -0.16781795237324895  -0.13277401256630267  -0.6392656191907993  0.3545466424075879  -0.21328916755334168  0.013568297571391351  -0.44317147754426456  0.18667806240986298  -0.10871485027932502
1.767034678077744    -149.90576328911052   0.19412290144476496  -0.4212109696369827  0.43443716111932984  -0.12491359210419067  1.4674252882364713  0.153657680175376  0.21479638494302697  -0.15876227052685532  -0.13449774225758415  -0.6496125457255898  0.34963906971584996  -0.20797823089073306  0.013537601605764595  -0.4593271297444922  0.19115995163099167  -0.10992262154395789
1.7665739775230995    -149.90417471744098   0.1967554183719274  -0.42484280325295704  0.4360955952642711  -0.12482335411447293  1.4637325189543813  0.1571528500726475  0.21630803542626487  -0.15221462960234386  -0.13780540268928188  -0.6548282267444641  0.34777273920679774  -0.2039411679818115  0.013990327072326551  -0.466724853653171  0.19290809367078743  -0.11114174928192876
1.7659345451172728    -149.9029374227983   0.1987744548012548  -0.4271741297792458  0.44082361225992084  -0.1264413567332527  1.4604230383443533  0.16079733265398158  0.21458268757687338  -0.14812431175864685  -0.1398695642724613  -0.6599573104650489  0.34561278257659206  -0.2007034466191879  0.012937783189310848  -0.47701835543163695  0.19580254220109536  -0.11335945003968728
1.7657397860718858    -149.90300947069827   0.19961401661028666  -0.4270392123550751  0.44178148489827496  -0.12641878225122147  1.4600340817854056  0.16143673572335418  0.21371730371161776  -0.14879743927960912  -0.14084499866976535  -0.6596335300320506  0.3461945163694993  -0.1998310466904038  0.012011739614672045  -0.4783025904553074  0.1963439282352912  -0.11471077556929257
1.7656926397638728    -149.9028407765876   0.19993113495890458  -0.42674689834829627  0.44143464408649913  -0.12610741350362611  1.4602988363440064  0.1612889815307253  0.2135815255055481  -0.1497965118120336  -0.14109354774655103  -0.6586285235239785  0.346932825111798  -0.1998727177502765  0.011768270705876988  -0.47742622222294573  0.19621318133946436  -0.11516136565494106
1.7656647411359165    -149.90292609300215   0.20006242189088438  -0.42661411672682215  0.4413791223427586  -0.12599323799802462  1.460414562867183  0.16131815793908993  0.21324671824544633  -0.15060063064850257  -0.14120785000908517  -0.6580640725158788  0.3474458657431801  -0.19978978574468315  0.011458808356231644  -0.4772147697783856  0.19632785969275507  -0.11543378759762701
1.7656444983094468    -149.90260131134627   0.20027788344039352  -0.42689529420024624  0.44135139637983023  -0.12596152643491987  1.4602708625269134  0.16155510270051504  0.2132104696287559  -0.15069773783081808  -0.14134098072846318  -0.658187990143502  0.3476058453311009  -0.19968039770184529  0.011436351626958713  -0.4774512490200363  0.1965684804404432  -0.11578868882434061
1.765612312353888    -149.9029723332379   0.20031979155469343  -0.42714148558727905  0.4418294417654499  -0.12611636443267793  1.4600913451746373  0.16201303861092617  0.21246717040226495  -0.15134343523462035  -0.14126751674958185  -0.6583098020976045  0.34788209010405474  -0.1994432815999836  0.011097923153976208  -0.47851743769816585  0.197242495048049  -0.1160454603060075
1.765598386226422    -149.90313069958432   0.20042790365143068  -0.42761335603324624  0.4427696150456518  -0.12649256094171968  1.4595366136723518  0.1627933691139218  0.2117520669256705  -0.15123667145446895  -0.14141880499894582  -0.6591747972208158  0.34775078806596926  -0.19894678038021027  0.01070242542867981  -0.4805753964124725  0.19804573016363214  -0.11634807752595815
1.7655867273963664    -149.90331544270953   0.20033364913462423  -0.42788684274317035  0.44314106269290765  -0.1266870013247475  1.4593317952038125  0.16307596131313426  0.21155850320924519  -0.15103807752099419  -0.14123062252540947  -0.6597648722068642  0.3475250321114306  -0.19896963668375356  0.01073607493633059  -0.48139647313656403  0.19841950536823105  -0.11632261092498897
1.7655691096831145    -149.90352822040052   0.2002374323928163  -0.4282740883525222  0.4438560561409798  -0.12700662945977786  1.4589563286392866  0.16359022399184409  0.21122164505757254  -0.15075471717168543  -0.14104707322062765  -0.660730410474128  0.3472174261338474  -0.1990452371396494  0.010664023219961849  -0.48279270909366256  0.1989992855883626  -0.1163906606644907
1.7655256798072927    -149.90424847228752   0.19992948650094694  -0.42885210760450004  0.445490948133363  -0.12760388270911513  1.458291054582329  0.16477254513494047  0.21017930913172755  -0.1511976390704863  -0.14058252591480624  -0.6624210838104223  0.3471756650485256  -0.1996288093319399  0.010127736020858829  -0.4854721611492473  0.2002970465215976  -0.11675964906699213
1.7654967304045084    -149.90450049748102   0.19962353762987936  -0.4290791097180838  0.4469689669364616  -0.12829225793999338  1.4576887710754787  0.16595274613590308  0.2094850409426877  -0.15190412623811403  -0.1401878766714855  -0.6639257131079308  0.3474868567130226  -0.20057818643271907  0.009807577370345138  -0.4875356897862478  0.2012679473836556  -0.11729236573245441
1.7654652029445281    -149.9050070233598   0.1996046735428802  -0.42926403381840994  0.44764125100145574  -0.12837415194810012  1.457244028292511  0.16675052299896553  0.2092952294931827  -0.1523861274501846  -0.14035964397077008  -0.6646725500020184  0.3479784197351108  -0.20087966025504275  0.009522647063188837  -0.4884203074861609  0.20178706703584973  -0.11792194066115791
1.7654421462568506    -149.90508782629337   0.19971384696439742  -0.4291372327195271  0.44766414688956657  -0.12829281847639576  1.4570730468064883  0.1671127344412686  0.209549665840273  -0.15275001651782893  -0.14060961233065714  -0.66476829482752  0.3485441414579844  -0.2009447794105142  0.00952372425939176  -0.48822326625140017  0.20175988692440663  -0.11840200671193812
1.7654000506196177    -149.90519247244885   0.19951278631862346  -0.42826376647059383  0.4467194586719524  -0.12794557274015073  1.4572153435608501  0.16727113423482295  0.21105491125385412  -0.153686020918497  -0.14066947375678732  -0.6645121623872875  0.3500291968212407  -0.20175684467072638  0.010033746484807045  -0.4856005758667649  0.20089027893987002  -0.11884698993085203
1.7653482182736768    -149.90534304109195   0.19969596594823583  -0.4279648427382791  0.4467674175249708  -0.12795579708007446  1.456655200441103  0.16853556358234115  0.21187516991816238  -0.15462596964199707  -0.14081119173495035  -0.6652998466431506  0.3516376783819803  -0.20193160259354997  0.010230243149479021  -0.4853203591444114  0.20105767900700347  -0.11981074165170798
1.7652664189552094    -149.90531965313505   0.1998492921464549  -0.4274650628062804  0.4463906703806445  -0.1279268786192899  1.4558774001902361  0.1704680823267715  0.2136143139568199  -0.15603703315631656  -0.1405969004534545  -0.6667350259213526  0.35427753925301686  -0.2024737739643635  0.010699585211079367  -0.4842407409466826  0.2011959233981174  -0.12089607868810753
1.7652210425801842    -149.90582463457875   0.1998400093909537  -0.4269660817170207  0.4465593497497715  -0.12807227534514115  1.4551395282630524  0.17214113672009176  0.21477401674966873  -0.15694952742084367  -0.14036269615292923  -0.6681610954854386  0.35617548753745143  -0.20288735447573208  0.010916123783873263  -0.4840704292238882  0.2014486221112393  -0.12142413382581371
1.7651277592658507    -149.905743457985   0.19988620864500092  -0.4266990257285274  0.4463828650183017  -0.12823623724348468  1.454151516794839  0.17440167440785945  0.2165298970125116  -0.15796914672117046  -0.13968586611693035  -0.6704199459247998  0.35860774793919975  -0.20341234014670911  0.011319769870777697  -0.483712077012031  0.2019059748017198  -0.12205278910727804
1.764989867313612    -149.9054083583657   0.20028765866501322  -0.4265924225959098  0.44690863542958875  -0.1285745285016073  1.4522711321503916  0.1781611867045148  0.21860721140499462  -0.15870406737045306  -0.13881743975013539  -0.6744436963153401  0.3616680025078561  -0.2034042113881551  0.01138063011182307  -0.4850562131496612  0.20284136544443435  -0.12287225236893855
1.7648666931936163    -149.90486367780986   0.20090820355375583  -0.426765136553507  0.4482484806905053  -0.1290878305915767  1.4495201898822268  0.18333696998912638  0.2206101919353437  -0.15915522481975938  -0.13789562227250454  -0.6800534242001395  0.36515122907692865  -0.2028098994867899  0.010917119965926312  -0.4886117133390697  0.20427446935239224  -0.12374372597952234
1.7648395388008677    -149.90486603075   0.20087142833081637  -0.42662923076588877  0.4481323931113983  -0.1289118548572618  1.449226911100772  0.18404603899561772  0.22139392608201464  -0.15923135222901752  -0.1374190338803402  -0.6810323082092014  0.3658308085249832  -0.2031757640406543  0.011011500943265367  -0.4884431090494173  0.20416886663594572  -0.12369655416195563
1.7648207979295483    -149.90482612996902   0.20087578247225935  -0.42678829280047287  0.4484687457053261  -0.1289568758549146  1.449013688540855  0.18433026233839603  0.22115790635187021  -0.15897115999512088  -0.1373900613291311  -0.681456166077458  0.36565804243068156  -0.2029660050729495  0.010795318775722283  -0.48940484183634686  0.20429624764024232  -0.12358119468156159
1.7647862680905129    -149.90490978898313   0.20069452362327062  -0.42703922005376227  0.44861740600277117  -0.12885999365939138  1.4487408287371792  0.18480107387569422  0.22110151725073046  -0.15866529158324727  -0.13716008490119366  -0.6821594365273604  0.3655727341118864  -0.20282325500552004  0.01077190781898471  -0.4905224711173733  0.2043388973994751  -0.12340709232505732
1.7647221582129504    -149.90467294694088   0.20020411035700394  -0.4274205107043363  0.4487159730607873  -0.12860029987112068  1.4480632793954034  0.18620469392234557  0.22142681679056472  -0.15825779476410315  -0.13639881027480438  -0.684003207171184  0.36588570902215845  -0.20292914126852218  0.011055121270882005  -0.4928301641826216  0.2041766587211536  -0.1231778135597206
1.7647005958389734    -149.90503882071673   0.19980970934521636  -0.42733711882531733  0.4483409801820917  -0.12832688343865503  1.4474613183468792  0.18767797288142277  0.2226484101172017  -0.15867085001014988  -0.13585656455076642  -0.6856015347708186  0.36726930687884646  -0.20338448241921064  0.011544173815806467  -0.49297935487219374  0.20410403480622832  -0.12355391926059897
1.764665127582352    -149.90473526319568   0.1995358762259943  -0.4274172867615956  0.4480909921378407  -0.12815979408348005  1.4470038482666436  0.188800953796505  0.22336081543737113  -0.1586939369519148  -0.13528160976935702  -0.6868799604680262  0.3679956668877197  -0.20370238592674475  0.012016981701018305  -0.4938274143869398  0.20397707668641815  -0.123668750695901
1.764651587185695    -149.9045631943093   0.19939567246376477  -0.4272997262246753  0.4477574266646407  -0.12807474222147033  1.4467470333812116  0.18955176970805376  0.2241105527124749  -0.1588753992541598  -0.13494734053881124  -0.6876414928134839  0.36874549259040124  -0.20405668770253327  0.012416258488633211  -0.4938134258427636  0.2039114298225109  -0.12391781757692745
1.7646482563836907    -149.90456829760538   0.1993811183935241  -0.4272184700735018  0.44767039572376804  -0.12807924602641624  1.4466715832435244  0.18978274929237576  0.2243558330099958  -0.1589114109618978  -0.1349011201438111  -0.687854416630906  0.36898679872287454  -0.2041480191355527  0.012502477548823833  -0.4937720334670464  0.20395580499790603  -0.12404838759173632
1.7646444574100904    -149.9044300974359   0.1992579057727594  -0.42693860791254223  0.4472809579188286  -0.1280476180942401  1.4466843547506747  0.1900541268877939  0.22495309244259942  -0.15879084648039296  -0.1348024920244855  -0.6881508022164853  0.36930805428048097  -0.20451297135931848  0.012680463988976055  -0.4935047111013913  0.20395500154761417  -0.12434944585887366
1.7646340455344365    -149.90461197767107   0.19926969858978474  -0.4268322376657393  0.44731967734231437  -0.12810652998924194  1.4464928191283737  0.1905125511217929  0.2251977135433069  -0.15870135211180347  -0.1348223567896751  -0.6885728081191873  0.36958874437229183  -0.2045000573899316  0.012696396050780122  -0.493864226034955  0.20419260042205392  -0.12458145719420288
1.7646218436356376    -149.90480092340647   0.19923653873376532  -0.4266923875665687  0.4473886370808238  -0.12818208882898813  1.4462611437835582  0.19109758431942103  0.22545339561396957  -0.15834387008173484  -0.13485351641174123  -0.68919028353045  0.3697599524562486  -0.20447134387059746  0.012625512825018281  -0.4946470961313003  0.20453371492636593  -0.12486878154158128
1.764608058638559    -149.90500846113224   0.1991301076969794  -0.426474445658566  0.44745367421955035  -0.1282726701684677  1.4459531315753829  0.1919513028620713  0.22581941432014702  -0.1575705868841829  -0.13487527191984275  -0.6901775442167691  0.36983721712457973  -0.2044523820353398  0.01245886539487246  -0.49606434626409596  0.20505443936031262  -0.12529476244056076
1.7646001612290403    -149.9050615663224   0.1991488224699948  -0.4265258738965391  0.447652943533165  -0.1283465971203439  1.4457365736748096  0.19247212946206343  0.2257632067662214  -0.15697686430055519  -0.13488560684293896  -0.690807783027004  0.3696773427645818  -0.20418454290563118  0.012201292141909782  -0.4973867046843419  0.20550466361437927  -0.12550780099716574
1.764595129247427    -149.90500212967936   0.19912036164287317  -0.4265723758812553  0.44764722439876947  -0.1283656653472257  1.4456141206883593  0.19293634894907147  0.22583047917364854  -0.1564118773964595  -0.13485040710732094  -0.6913300381362308  0.36957222031523523  -0.20404723885858933  0.012053860562227396  -0.4984831327542004  0.2058795970328125  -0.12572390568568148
1.7645938196212414    -149.90494282357332   0.19915258876039776  -0.42667604271702797  0.44770043305078083  -0.12837901667227822  1.4455935544912366  0.19301110285744946  0.22571656673142407  -0.15629964280175115  -0.13485579525705474  -0.691385445384194  0.3694902844731435  -0.20390812616519421  0.011980915075279434  -0.4988393210730871  0.20599344142940065  -0.12574195535744956
1.764592998502585    -149.90491482519928   0.19917595707049413  -0.42673212220726364  0.4476980973248529  -0.12837099084167655  1.445606453345773  0.19304577592600056  0.22567707788109284  -0.15625863577286464  -0.13485505262018366  -0.6913803308223321  0.36947126805984426  -0.20384141128998146  0.011960734582832169  -0.49897749438903893  0.2060523508861266  -0.12577755498098267
1.7645922971259604    -149.90490845518204   0.19920028957261865  -0.4267966063167182  0.4477408422713277  -0.1283864759523969  1.4455788911050782  0.193171383426974  0.2256511084754989  -0.1562798026069414  -0.1348820154445885  -0.6914157272748781  0.36954508669358765  -0.2037397121601577  0.011946455893400045  -0.4991608592779876  0.20612351893258482  -0.12585018308889157
1.7645911764465705    -149.9049322004362   0.19917809751318444  -0.4268034060344773  0.44769261622139234  -0.1283289257717873  1.44565555974623  0.1932192199164865  0.2257031618403234  -0.15623833730340228  -0.134890845680195  -0.6913620645820272  0.36958272834251715  -0.2037512083789044  0.011960389247357723  -0.49922468447175805  0.20611179347096267  -0.12595352580330135
1.7645905581387984    -149.90495065250582   0.19914699276552325  -0.426774522402718  0.44767007973324996  -0.12831608507431122  1.4456722578634882  0.1932465241114227  0.2257599182297076  -0.15623610035461358  -0.13490068404058037  -0.6913637067984256  0.3696239254610242  -0.20379360284553807  0.011975139772883203  -0.4992018361879641  0.20608350969890032  -0.12598377529444887
1.7645895290966562    -149.9049537519595   0.19908731254160228  -0.4267407172926771  0.4475910090413518  -0.1282695837685279  1.4457697702208503  0.19327386039727915  0.22587869142208403  -0.15624635067860018  -0.1349261060796386  -0.6912800342186981  0.36972068488865595  -0.203882701689101  0.01199125100451268  -0.49909712352643015  0.20601343116125617  -0.12604936140753092
1.7645888992833887    -149.9049252323253   0.19906395184340078  -0.42672326435774366  0.4475514398358721  -0.1282490248803958  1.4458544200432921  0.19330628813819192  0.2259548112769461  -0.15625140277067837  -0.13494364258719616  -0.691208182858446  0.369798216454794  -0.2039229060146248  0.011979084816566553  -0.4990448333865775  0.20598145297366607  -0.12610124979860587
1.7645877990269603    -149.90491282131688   0.19903711087183637  -0.42672348420608497  0.44754116785648745  -0.12822890229690745  1.4460055402373724  0.19345041497895296  0.22605872345146175  -0.15617320090953704  -0.13497998410627182  -0.6911390931448488  0.36992062571672074  -0.20391224701168656  0.011877899864831844  -0.49917321680086196  0.20602066142459372  -0.1262074716587354
1.7645870581749792    -149.904838213574   0.19902522998311065  -0.4266992400881835  0.44747652400217885  -0.12819875282954146  1.4462355477186422  0.19334605726722154  0.22614736763168  -0.15634486970609998  -0.13499729535296487  -0.6908209232875236  0.37006727397720834  -0.20397994090209903  0.011867795794910823  -0.4987440590060981  0.2058783024520358  -0.1262368958540551
1.7645855731218947    -149.90483470616073   0.1990308543323905  -0.4267024491108261  0.4474960007174453  -0.1282076801069996  1.4463765378114541  0.1934286573161545  0.2262044761242438  -0.15632071835685962  -0.13500955880580404  -0.6907297045353812  0.37016517136890803  -0.20393638144901893  0.011768122787115727  -0.4987749828052906  0.20592737248435863  -0.12629196480908697
1.7645815360593362    -149.904885710001   0.19900826775436975  -0.42663269128262155  0.44751171491588154  -0.12825515628875858  1.4469383530473519  0.19357712505434274  0.22646065623585065  -0.1563483978404761  -0.1350099108775929  -0.6903045942055307  0.37052112235810997  -0.20386566667909728  0.011505898184022197  -0.4985087540314182  0.20600369831271928  -0.1264388861438177
1.7645799597092018    -149.90492771058632   0.1989708411169303  -0.4265811479406456  0.44750588374795774  -0.12829637664507826  1.447239061547071  0.19365316692743983  0.2265930057048898  -0.15628529549971457  -0.13497722256803985  -0.6901341870782655  0.370639983614571  -0.20381940717434097  0.011382176327572109  -0.4984509428937025  0.206076822765764  -0.12652041964498936
1.7645791997800884    -149.904973452874   0.19889115412195849  -0.4264718613807647  0.4474037314703604  -0.1282958743288783  1.447542203129477  0.19352324510000168  0.2267704983799758  -0.15642648071335613  -0.13495692963778685  -0.6898073691475665  0.3707869046045806  -0.20396015237545756  0.011418290731032815  -0.4979015426820726  0.2059317553269119  -0.1265036470230779
1.7645779606034475    -149.9050150861074   0.19881267881355  -0.42643740902230576  0.4473617769964998  -0.12832022531776272  1.4477516687491838  0.19361981335653186  0.2268769845800027  -0.15626912674890153  -0.13491432839359357  -0.6897742211634782  0.3708034969463378  -0.20393395626585464  0.011365616751397226  -0.4980446840495681  0.2060147270885591  -0.1265931765585832
1.7645771450592909    -149.90504495270818   0.19872150660569055  -0.42640902642953643  0.4473015750592152  -0.1283231353797755  1.4479084554577044  0.19368313953013386  0.22697360220791  -0.1561424794246062  -0.1348777142175584  -0.689772804895109  0.37079574767249707  -0.203961660304828  0.011362589121361412  -0.4981532259260688  0.20604360887302875  -0.1266433915481307
1.7645765356179903    -149.9050761282375   0.19861553038847038  -0.42638089124770584  0.4472169783759909  -0.12829558084943582  1.4480880521379136  0.19374182061460743  0.22709382742783604  -0.15602384201179648  -0.1348412569047956  -0.6897559943962719  0.3707971163237762  -0.2040287939308121  0.011380164907398915  -0.4982370035523553  0.20603472796101263  -0.12670029649483297
1.7645762829016385    -149.9050723351479   0.1985727493304381  -0.42636913396552456  0.44719908331452046  -0.12830777548655967  1.448168909271047  0.19375417898079927  0.22713548491724891  -0.15598899538557928  -0.1348202975525532  -0.6897541258585838  0.3707925283491639  -0.2040560204634735  0.011369978419512755  -0.49824359585996997  0.20603312545640956  -0.126674336250084
1.7645757128859456    -149.90507954506643   0.19851092444985124  -0.42635934669521325  0.44715100904203736  -0.1282830295283062  1.4482990462218093  0.19377179101068015  0.22720730165418376  -0.15594439442995417  -0.13479390177868847  -0.6897254095016606  0.37079654426135467  -0.20411339295166678  0.011378255833043308  -0.4982501507588002  0.20600230721013107  -0.12667807278691648
1.7645734133571296    -149.90508620589225   0.19832962125402845  -0.42636366783057594  0.44704934591710116  -0.12822892581386414  1.4488324100184835  0.19369588857652  0.22735503849251307  -0.1559185236980153  -0.13465194539564412  -0.6895370097329837  0.3707457224990267  -0.2042556219709462  0.01139333542040709  -0.4980880966837357  0.20584137901464913  -0.12652569385512774
1.764571833404323    -149.9051887556256   0.19812806855754922  -0.4264439522412915  0.4470149484324185  -0.1281681147854422  1.4494400340371323  0.19367152411830268  0.22743648074135445  -0.155877282271245  -0.13450975889714917  -0.6893850084440445  0.37064713960612217  -0.20429547133738604  0.01137099938445525  -0.4981231804874843  0.2057130750406749  -0.12630771470170524
1.7645706393832554    -149.90509793794638   0.1980918780988929  -0.42646904934421087  0.4469958549298913  -0.12814746152452802  1.4498351753829402  0.19355959558002714  0.227497076243819  -0.15606043862724459  -0.13445974612224482  -0.6890778152227129  0.37072733863057633  -0.20433723179912983  0.011342913658578955  -0.49775344582117537  0.2055406080096951  -0.1261944121727561
1.7645700405214306    -149.9050644432175   0.19811552995660267  -0.4265111412941657  0.4470505185749854  -0.12817485746849183  1.4499821207928534  0.1935800177261562  0.2274744050904922  -0.15610488864255875  -0.13445388894218127  -0.6889921374116006  0.37075710205338286  -0.20425103759081042  0.011279656082291744  -0.4977623051959363  0.20555574748437982  -0.12616161195069284
1.7645696477984234    -149.90503834293534   0.19811597546580564  -0.426584915692861  0.4470679483209052  -0.12814829945588907  1.4501926642378429  0.1935104952626618  0.227452884605924  -0.15629805294327576  -0.1344937125513087  -0.6888188707366589  0.37079173557362516  -0.20423040257539002  0.011311039338776781  -0.4975632412554384  0.20543124458478623  -0.12610443108959882
1.764569289497126    -149.90507027941547   0.1980887371518202  -0.42656590767376923  0.44706153187361797  -0.12817748548661242  1.450338248877326  0.19355209502638013  0.22751693669471226  -0.1562513488419464  -0.13449205770092754  -0.6887879676311247  0.37080623110069905  -0.204228107143158  0.011296921323344518  -0.49758487553657194  0.20547397425768107  -0.12612632424627881
1.764568947969243    -149.905091501887   0.19807544106438474  -0.42657241513489846  0.4470635600345626  -0.1281847422312281  1.4504064573102202  0.19358848459106523  0.2275405105082943  -0.1562073465855168  -0.1344986324965363  -0.688816681432078  0.3707860030534631  -0.20422156825225465  0.011290697058575206  -0.49765796934910483  0.2055081749113553  -0.12614534892961626
1.7645660646831858    -149.90524551750286   0.1980756959844757  -0.42666273023489415  0.4471896055906849  -0.1282668168897632  1.4511363867824418  0.1938050719872703  0.2277279297115714  -0.15612358821344538  -0.1347215512808794  -0.6889518222125582  0.3706577201736625  -0.20420240037886395  0.011262500406465804  -0.4979168881620477  0.2056894458534439  -0.12622211042272663
1.7645621505661608    -149.90535962614007   0.19807501391251564  -0.42690458743420023  0.44742335065114647  -0.12835290579229103  1.4524099657983862  0.19409923555972905  0.2279255959054597  -0.15608556699439355  -0.13500658126261572  -0.6890668760784356  0.3704305650384276  -0.2040928595098928  0.011176445090515942  -0.4983435895910633  0.20585913585460483  -0.1262396863150246
1.7645556047232593    -149.90561465757338   0.19823278356315854  -0.4275245403728143  0.4481925616551925  -0.1285650061088466  1.455492482607889  0.1948454380329231  0.22828174441424773  -0.1561241123889556  -0.13587909081392086  -0.6894899758471601  0.3697745350097418  -0.20371343025925245  0.011015121261167743  -0.49954737947716565  0.20620325781539448  -0.12628658728163145
1.7645497017855134    -149.90575185995868   0.1981782069196405  -0.4281601046130297  0.44893323739252616  -0.1288590127098021  1.4589399610686424  0.19565134657665742  0.2287050880061326  -0.15592736161222698  -0.1365980856438794  -0.6899803016176865  0.3689729774258484  -0.2033560041712086  0.010730191396503497  -0.5010364119325214  0.2065571658796859  -0.1260839883846119
1.7645463733007745    -149.90565653362523   0.19829985322725932  -0.42813755661260444  0.4489920435451923  -0.12884320083781978  1.458654433848988  0.19552407165583088  0.22858076164866956  -0.15614778131638377  -0.1366395266325934  -0.68990623323448  0.36904271906746  -0.2033407852681565  0.010750793476341523  -0.500771835149522  0.20642646361875283  -0.12602410271981251
1.764545212535086    -149.90562410790295   0.1983897406540293  -0.42819005912194363  0.4491278188561017  -0.1288517783617437  1.4588808415097294  0.19548658246701744  0.22853080139275206  -0.1563579738084388  -0.13674343542796136  -0.6898605159147604  0.36902125625111193  -0.2032778223976195  0.010716599924157466  -0.5006365472621668  0.20632732062057405  -0.1258997984736447
1.7645450444134425    -149.90558637197182   0.1984277859857435  -0.4281515308317951  0.4491195752195812  -0.12886375534423214  1.4588089809151663  0.19547169166328918  0.2285412493985071  -0.15639476755634305  -0.1367702037296736  -0.6898711284484167  0.36904568707030444  -0.20329555787539166  0.010736047626791803  -0.5005530021955159  0.20631837554180318  -0.12592347346455524
1.764544802076926    -149.90559660777342   0.19844453541338555  -0.42815756316475573  0.4491360681493151  -0.12886762501586252  1.4589006314906796  0.19548028478320445  0.22855773638983481  -0.1564351950674874  -0.1368114046788377  -0.6898884916028557  0.36903099608720125  -0.20328956821150532  0.010743063155569822  -0.5005284877699824  0.20631081542971372  -0.12590960263513337
1.7645425445678162    -149.90566875617134   0.19860475994065532  -0.4281589027932562  0.44918047296014685  -0.1288594672766498  1.4596313340956584  0.19554928253895157  0.22872980417230573  -0.1568010118572832  -0.13713890434548098  -0.6901683620107001  0.3688627557885031  -0.20326817721787888  0.010863934723904876  -0.5002889026118456  0.20622016124208065  -0.12572619703206128
1.7645407522373773    -149.9057419623084   0.1987334747051268  -0.42819145967379185  0.44921559523057214  -0.1288757734437177  1.4608219659164572  0.1957328457504614  0.22899344616900594  -0.15712981227639675  -0.1374815868080515  -0.690507829550257  0.3686053443321599  -0.20319778793011234  0.011000064531626058  -0.5002448045542532  0.20616027441656032  -0.1254395630427141
1.7645392532622017    -149.90574706181087   0.19881032745674077  -0.428099177585186  0.44904318871838755  -0.1287950842620282  1.4608657437992436  0.1957171742626469  0.2290741990633881  -0.15733838208763656  -0.13753258013588307  -0.6906960832964006  0.36857033617208473  -0.20320138594472792  0.011150709935645466  -0.5000145311607148  0.20606332685495937  -0.12533600200044176
1.7645380901075118    -149.90570625756078   0.19883226985278352  -0.4280127188190701  0.44884510467810995  -0.12871009486489526  1.4608145660714542  0.19573330116476859  0.22913733330333594  -0.15740028584717966  -0.13749519566929153  -0.6908183096631456  0.3685683013131355  -0.20320545933941495  0.01124734260347729  -0.49995203500366314  0.20600311000636357  -0.1252690825122145
1.7645368880463324    -149.9056620493239   0.19885068434593361  -0.4279239533013736  0.44864942944654235  -0.1286177893378595  1.4608441864273947  0.1958116173514404  0.22923142570871957  -0.15743078728800686  -0.13750350097142755  -0.6909441556004488  0.36857393285894346  -0.2031913510295436  0.011323042624794416  -0.49998392716007556  0.2059512280882336  -0.1252437158843731
1.7645355522430735    -149.9056891227433   0.19889385963420883  -0.4278374196681866  0.44848649745647523  -0.12852531337215856  1.4616032459691615  0.1961791300836569  0.22955355800272653  -0.15737123326279362  -0.13773094746424974  -0.6913039856506107  0.3684441911283158  -0.20312210368845532  0.011368116937338912  -0.5003822243847831  0.2059918500881833  -0.12526660545375323
1.7645351788205494    -149.9056680637695   0.19889065579382395  -0.42785216271632387  0.44846618106647285  -0.12851248525155518  1.4619645575594018  0.19631289614867561  0.22964854389548306  -0.15735105601666943  -0.13781499268725572  -0.6914142401766451  0.36837348347193005  -0.20307880275530965  0.011357331945059983  -0.500568609199958  0.20600170865596548  -0.12523521423739256
1.7645348152085747    -149.90568616512763   0.1989061332769009  -0.42786106214743364  0.44850976422317534  -0.1285212332225446  1.4621235615607382  0.1963740138826949  0.22968407295409393  -0.15734889011147962  -0.13788742217338396  -0.6914320318698083  0.3683610041405339  -0.20305523039725107  0.01133189887773405  -0.5006365382734022  0.2060168772617583  -0.12525911288487815
1.7645343820412787    -149.90570627315168   0.19894413047684137  -0.4278345897979227  0.44852469601251355  -0.1285212701651951  1.4621838390142006  0.19643193682005763  0.22972468340083751  -0.15737897531870496  -0.13797568350654132  -0.6914471504580005  0.3683917817481921  -0.2030300362611533  0.011316084975303729  -0.5006370141392148  0.20602615436656596  -0.1253049703408263
1.76453403914773    -149.90572027866543   0.19896913321441173  -0.4277928521138365  0.44848833034433555  -0.1285051690379059  1.4621162655151432  0.19647122835689346  0.22975279121497907  -0.157391747872408  -0.13800785730647117  -0.6914507991104316  0.36845015559413313  -0.20301268622384885  0.011305640409640326  -0.5006124474098491  0.20603935216768793  -0.12535059752644326
1.7645335207935193    -149.90571360554424   0.19903933924720496  -0.42771390614252  0.4484334300633673  -0.1284955454530382  1.4620887170907433  0.19656961069380585  0.22983776007203854  -0.15742842325060658  -0.1380930349534191  -0.6914752074709316  0.3685523187827559  -0.20298001719593534  0.0112814294145502  -0.500557306626399  0.2060789688813127  -0.12543848699749324
1.7645333014255293    -149.90574480501544   0.19904327774764832  -0.42767832644997356  0.4483593221625603  -0.12845895345283084  1.462114541641686  0.1966344954436491  0.22989316441063123  -0.15743707750635086  -0.1380875617172354  -0.6915236709965653  0.3685833275017113  -0.20295241641615458  0.011275891424956242  -0.5005612134590268  0.2060904980626464  -0.12543267898525826
1.76453284111172    -149.90571072110203   0.19908488701665272  -0.427623754008797  0.44831958263695165  -0.12846066605470596  1.4620628383563623  0.19671677100917742  0.22995394216196868  -0.15743126932755067  -0.13810192692048873  -0.6915184124395878  0.3686802440577699  -0.20292714665670566  0.011231853310782428  -0.5005348705593731  0.20613700581701278  -0.12551182888654921
1.7645325436125376    -149.90567178520996   0.19909532680047648  -0.42759826546689117  0.44828022825135083  -0.12846341344241619  1.46207519378235  0.19679018688156205  0.23000133422687058  -0.15741774695261812  -0.13807040859612033  -0.6915167479842431  0.3687394705039605  -0.20290224739320764  0.011201732543887868  -0.5005490979600501  0.20616847024764018  -0.12552480088187573
1.7645323764520084    -149.90566329779094   0.1990854194709566  -0.4276034675546419  0.44829094218753257  -0.12847027238539604  1.4621489881752678  0.19684133048491853  0.23002793623546444  -0.1574053544644279  -0.13804401736126592  -0.6915229225871564  0.3687512769245387  -0.20288358605853338  0.011176944440281502  -0.5005851996887751  0.20618041742912696  -0.12552933371495723
1.764532209766649    -149.9056664282556   0.19906875623453535  -0.427623581396626  0.44831723242298754  -0.12848134735434188  1.4622809415329379  0.19689785941209073  0.23005457971876625  -0.15740347100240504  -0.13802696672828588  -0.6915335725979054  0.3687459487077108  -0.20286278221108786  0.011158439675136448  -0.5006372860090947  0.2061858154748635  -0.12550882936679914
1.764531719141373    -149.90568227724125   0.1990274288030673  -0.427679695635775  0.44839937625556653  -0.12851565530347778  1.4625423334567556  0.1970415840113746  0.23012346510255258  -0.15742165752163992  -0.13799486337103495  -0.6915382882144705  0.3687720845332685  -0.20284431709293546  0.011113832260746696  -0.5007074547405413  0.20620126232701094  -0.12549360312046526
1.7645316369697943    -149.90569603688732   0.19902632680251697  -0.4276817305692196  0.44841239442110475  -0.12851805113474343  1.4625586783295155  0.19707271581738423  0.23014104754406559  -0.15743201136158563  -0.13798318770496534  -0.6915338768735925  0.3687958528873309  -0.20284804419713737  0.011109061959621974  -0.5006977595778122  0.2062064477745109  -0.12550419201579305
1.7645307571540534    -149.90574545855145   0.19894662004704006  -0.4278031462270176  0.4486058974748718  -0.1285947187033029  1.4630675041589527  0.19738834035679184  0.23029809738578258  -0.15750915655173556  -0.13794759805502343  -0.691533008644484  0.36888893127583156  -0.20284125763951083  0.011021786004924953  -0.5007808661830164  0.20623577852737546  -0.1255103626355932
1.7645295870997355    -149.9057380743008   0.1988424552735648  -0.42791121246307673  0.44869092965235713  -0.1286026937938915  1.4633883553018592  0.19778041787805622  0.23049666959552464  -0.15766177215824922  -0.13782317933419072  -0.6915488723849339  0.36909266576043703  -0.20290790197838213  0.010989295713301192  -0.5007794666562798  0.20620022035025237  -0.12553148502061928
1.7645287411738397    -149.90576598663102   0.19875759181412928  -0.4278188893012193  0.4486935777148602  -0.12861202246048511  1.4634306543573539  0.19857799142085045  0.23096608243791988  -0.1578800992394458  -0.1377185214513498  -0.6915448614039796  0.3697345767923161  -0.2030162390237283  0.010875013453455817  -0.5006051192496829  0.20623869735687628  -0.12587910587378429
1.764527341850595    -149.90575217634148   0.1986880371901189  -0.4278251211837123  0.4485836528621243  -0.12852660876195887  1.463401333113661  0.19865440611337631  0.23104073770253802  -0.15802338771153795  -0.13761115256572345  -0.6916809504672229  0.36973822956082053  -0.20317274839063038  0.011018258075671394  -0.5004834181074971  0.2061064319320234  -0.12579757702268748
1.764527341850595    -149.90575217634148   0.1986880371901189  -0.4278251211837123  0.4485836528621243  -0.12852660876195887  1.463401333113661  0.19865440611337631  0.23104073770253802  -0.15802338771153795  -0.13761115256572345  -0.6916809504672229  0.36973822956082053  -0.20317274839063038  0.011018258075671394  -0.5004834181074971  0.2061064319320234  -0.12579757702268748
1.7645271687039887    -149.90570105267136   0.1987024839032592  -0.42781713319278053  0.4485818599804316  -0.1285391781527474  1.4634028235356003  0.19865522237308034  0.23104795863970268  -0.15801466749264756  -0.1376095609376757  -0.6916880128140226  0.36973065130131905  -0.20319460196032021  0.011018564215655413  -0.5004805737044898  0.20611199745061823  -0.12579718248921276
1.764527044644148    -149.90572765216024   0.19870287757773855  -0.42780917136364366  0.44858485929999464  -0.12853987292227473  1.4634028393204814  0.1986562786328903  0.2310538036902679  -0.15800786412729967  -0.13761313906470074  -0.6916942678985775  0.36972514287708563  -0.20320701872551492  0.011019968945566512  -0.5004758643813404  0.2061216094820405  -0.1257944443618106
1.7645268964922687    -149.90573713447907   0.19869996148655664  -0.42780402747927737  0.44858498906146754  -0.12854345287871602  1.4634025892937013  0.1986569006813675  0.2310583278038087  -0.15800282029426643  -0.13761736646588948  -0.6917014298083556  0.3697198511915498  -0.20321616603867199  0.011018354949104203  -0.5004711479480144  0.20612788955138714  -0.12579360601082124
1.7645263969698843    -149.9057816191053   0.19868642457760524  -0.4277657239146918  0.4485874879351243  -0.12856754808037565  1.4634037962277273  0.19866009344477875  0.23108688698987898  -0.15797151928855802  -0.137634736473692  -0.6917499703493464  0.3696815610953126  -0.2032713174035545  0.01101433981891746  -0.5004416757611535  0.20616209717659845  -0.1258001945722847
1.7645262402286102    -149.9058020379577   0.19867910283718027  -0.42774319289447793  0.4485890678492339  -0.12858011067287953  1.4634054916998247  0.19866261933442522  0.2310992259219371  -0.15795984520861792  -0.13763892887572837  -0.691771872905376  0.36966259523808503  -0.20329068709548756  0.011021611370328392  -0.5004310472354302  0.20617252759483748  -0.12580993754000028
1.7645260711938198    -149.90582804693088   0.19866676317444676  -0.42770948583131485  0.4485847281408086  -0.12859408081487594  1.4634078323206958  0.19867233006100832  0.23111555188109564  -0.15794988546293648  -0.13764539238446777  -0.6918003510664144  0.36963659784472747  -0.2033120777818568  0.011045153872766077  -0.5004252377550906  0.20617781392650564  -0.12582797449296929
1.7645260013979063    -149.90583827974865   0.19866350709856861  -0.42769609333003256  0.448572667178412  -0.12858629311032763  1.4634095697279659  0.19868387297187448  0.23112484078534237  -0.15794814058523474  -0.13764787901493036  -0.6918207907777967  0.3696202969569334  -0.20332522188188287  0.011057290835219767  -0.5004265825855072  0.20617481458427933  -0.12584173438104124
1.7645259150740908    -149.90583920909654   0.1986599700787573  -0.4276841010310787  0.4485540606464177  -0.12857858492396299  1.4634099318886302  0.19870058316032385  0.23113405868278894  -0.1579497723609358  -0.13765473578548948  -0.6918377204554235  0.36960744353465774  -0.2033375222085398  0.01107409356675267  -0.5004340804630012  0.20616922733013945  -0.1258495764582342
1.7645257150686573    -149.9058390711648   0.19865438311574035  -0.42765530972861915  0.4484910076279302  -0.12854650141613752  1.4634101472799363  0.19875697511211113  0.23116023198051067  -0.15795859800541556  -0.13767342268023397  -0.691887298231005  0.36957556676598724  -0.20336592031078657  0.011113807337855573  -0.5004585759661296  0.20615368413052285  -0.12585973527279862
1.7645254775865788    -149.9058393464585   0.19865714430013187  -0.42760465961813005  0.4484117225581167  -0.1285125456957558  1.4634122306837194  0.19884089395226656  0.23119785971295773  -0.15796987173508892  -0.1376822764991874  -0.6919609426324099  0.36953819172431734  -0.20337867573681698  0.011144766628194839  -0.5004807656946073  0.2061433262049727  -0.1258503312421802
1.7645250509967934    -149.9058388956226   0.19868304035662693  -0.427489333698252  0.44825129604133346  -0.12844653865108036  1.463419489792741  0.19906764745108865  0.23128985205051197  -0.15800758916610008  -0.13768864177849685  -0.6921329764805182  0.36946773700533947  -0.20336859110661437  0.011190103756054847  -0.5005117379418337  0.20613006453284224  -0.12581328352300647
1.7645249921711887    -149.9058152250842   0.19869912429497874  -0.4274650598496437  0.44822941290527635  -0.12844420320252292  1.4634214220860713  0.1991327400167586  0.23131833028792778  -0.15801403580433673  -0.13769628229692066  -0.6921738068309242  0.3694528885617184  -0.2033793781841019  0.011192112902096112  -0.5005082872628676  0.20613299894438475  -0.1258049902384671
1.7645248779031557    -149.90583471240905   0.198716648026613  -0.4274218079350019  0.4481858109021032  -0.12842542323022094  1.4634249393065186  0.1992436839130284  0.2313601097746553  -0.15803378533206838  -0.13769850323726202  -0.6922425416144867  0.36943333727661704  -0.20336224519116705  0.011195739351640047  -0.5005058192682064  0.2061369671878543  -0.12578352168728232
1.7645248233362336    -149.90581488729606   0.19873316189022372  -0.42740993939993827  0.4481640821026234  -0.12841614187710707  1.4634273433178284  0.19932142457921528  0.23137960788160558  -0.1580585416742479  -0.1376933105897398  -0.6922748636233227  0.3694353548872806  -0.20332561305704805  0.011186427522197825  -0.5005034515718102  0.20613184138293328  -0.12576762902608243
1.7645247622060247    -149.90581934241476   0.19873454815369807  -0.4274219206273271  0.44818888323674205  -0.1284262674032569  1.463427159368542  0.19931251751296095  0.23137585434095012  -0.1580565482625738  -0.13769640706454872  -0.6922605772725707  0.36944252295985164  -0.20332986277145412  0.01118119885150728  -0.5004940309192922  0.20613624695658364  -0.1257748377811284
1.7645246303725524    -149.90582355480845   0.1987460672714071  -0.427441680820414  0.44823568043097106  -0.1284448186143426  1.463428446150304  0.19935016501156205  0.23138545185763637  -0.15806728898199476  -0.13770967960863373  -0.6922525315971999  0.3694542080495145  -0.20333233560110162  0.011173827504632333  -0.5004690139692546  0.20614309181379387  -0.12579442039126065
1.764524420172746    -149.90582251171213   0.19877812046409493  -0.42745337365325137  0.44827964764413325  -0.1284600389670198  1.4634334323391962  0.19951270430228454  0.2314348784626037  -0.15810932451822565  -0.1377416658223765  -0.6922897095568  0.3694592739728402  -0.20332857856976624  0.011174688505068813  -0.5004285434459097  0.2061483324434815  -0.12582702180035898
1.7645241125633546    -149.90581425792925   0.19883571965648258  -0.427450434936321  0.4483042512384338  -0.12846482664714565  1.4634440984463926  0.19986146462967283  0.23154421981749287  -0.1581980980121629  -0.13780179784017385  -0.6923994836675363  0.3694489611763146  -0.2033196283853621  0.011196432161406075  -0.5003719128078802  0.20615010889153437  -0.1258792688667311
1.7645240065215826    -149.9057858088952   0.1989251653998251  -0.4274613863974152  0.4482834028588829  -0.12846091268931328  1.4634760323572544  0.200436279749679  0.231709364572216  -0.15835226244669223  -0.1378388168383482  -0.6925810379411801  0.3694276317890907  -0.20327876251205954  0.011244910501073558  -0.500301220640218  0.20618298882096514  -0.1259294688561407
1.7645238251176707    -149.9058192479484   0.19890720182900468  -0.4274424920164389  0.4482805767609002  -0.12846077344487924  1.463477618141997  0.20054317330115276  0.23175641537891759  -0.15836227173398681  -0.13788929916733814  -0.6926376015712841  0.3693957467916455  -0.20333728353318997  0.011265791820355574  -0.5002898653962973  0.20617877944429946  -0.1259589786686142
1.7645236829884856    -149.90580305060558   0.19890232438105543  -0.42742556747756677  0.4482503052674936  -0.12844318614335704  1.4634746052703462  0.2004602524394334  0.23172819975222367  -0.15834522696614609  -0.13786153590810857  -0.6926205550913699  0.3693980062903789  -0.2033149615843345  0.011257947328574972  -0.5003177192106307  0.20616316170254337  -0.125932305283674
1.764523622925636    -149.90579295128714   0.19890821399258093  -0.42740989422130105  0.44822859263265546  -0.12842978550581183  1.4634801508664188  0.20054224120398595  0.2317510052334572  -0.1583659760381196  -0.13786087847835674  -0.692655202583002  0.3693878562185846  -0.20330822700853135  0.011265569788210212  -0.5003243429893235  0.20615114783238542  -0.1259302112589642
1.7645235645978008    -149.90578533194991   0.1989109621951753  -0.427394874885442  0.4482029869520243  -0.12841542800027458  1.4634908585728148  0.20066193995998388  0.23178318446618398  -0.15839453870083722  -0.13785757487938524  -0.6927012956658627  0.3693718828832483  -0.20330820017761336  0.011278272582331772  -0.5003317446540811  0.2061409232000902  -0.12592952409135177
1.7645234824313487    -149.9057833677627   0.1989074255136558  -0.42738125495911716  0.4481774724260661  -0.128399877358427  1.463509152855204  0.2008270948285379  0.23182505267564268  -0.15843205177889036  -0.13784814870975018  -0.6927585112610017  0.369349471733497  -0.20331719043375493  0.011293749953826026  -0.5003410953392584  0.20613082009348652  -0.1259294745959806
1.7645233597628482    -149.90575787754057   0.19888895661025602  -0.4273936505881959  0.4481864117264827  -0.12840103765621771  1.4635580503637249  0.201157124848945  0.231896388230188  -0.15850460424308366  -0.13781157305717676  -0.6928364863186844  0.3693157394716684  -0.20335787382202  0.011304312164599886  -0.5003449710616277  0.20612150218265693  -0.1259424719226373
1.7645231441870095    -149.90577788547884   0.19886192961355442  -0.42738668540185204  0.4481735661907321  -0.128385641026784  1.463592370075892  0.2013622436188072  0.23193951904058607  -0.15854527720693343  -0.13777843863572506  -0.6928920426451173  0.36928422949630574  -0.2033910085327733  0.011316941876743087  -0.5003645913229796  0.20611096610668536  -0.1259377168329414
1.7645228067075105    -149.90582198631378   0.19879501482173664  -0.4274161769297313  0.4482169330229662  -0.1283919902577058  1.463665032191521  0.20170333707443805  0.23199689083341518  -0.15860786638009283  -0.13770039518068053  -0.6929445606828825  0.3692411663234119  -0.20347346301579605  0.011317030595626824  -0.5003831506740856  0.20611098125845342  -0.1259389681200752
1.7645226735859978    -149.90584422149033   0.1987547461667649  -0.4274555436359036  0.44828165496561345  -0.12841748212386817  1.4637058175690867  0.20184610055133773  0.2320102513413899  -0.1586316953719929  -0.13765144177338418  -0.6929376854991918  0.36923199546398155  -0.20351968073058999  0.011299896230697909  -0.5003804181451408  0.20612140245286079  -0.12594574977197812
1.764522560726078    -149.90586283544943   0.19872417937226514  -0.42748766454961207  0.4483422196041814  -0.12844591830710864  1.463738549395537  0.20194425103532831  0.2320123870871975  -0.15864885981474525  -0.1376064475416646  -0.6929190135309097  0.36923313227352017  -0.2035357141100402  0.011275893753274407  -0.5003750968045212  0.2061336788496166  -0.12594777308944236
1.7645224982991543    -149.90585896036086   0.19871702924033527  -0.42748588952197086  0.4483803628001555  -0.12846366380800797  1.4637692178568027  0.20210787491738258  0.2320433285879426  -0.15867498154290455  -0.13758685731073172  -0.6929366761812967  0.36922164982181044  -0.20355186212655865  0.011260331206020642  -0.5003725556037246  0.206134073435171  -0.12595705247614802
1.7645224265343034    -149.90588452189223   0.19868916818502444  -0.4274832506702665  0.4484114610430204  -0.12848470820898727  1.4637887326589867  0.2021242309639612  0.23203361005509368  -0.15866294496405697  -0.1375660180538084  -0.6929129838450736  0.369217567976995  -0.20355658986617298  0.011229375013230463  -0.5003773189855566  0.20614571549219693  -0.12595380039154633
1.7645223957684961    -149.90587826240525   0.19870128715348595  -0.4274757175206027  0.4483983552146042  -0.12847969344009721  1.4637823671918184  0.20210728864133048  0.23203351907417044  -0.15866077872550108  -0.13757457993348846  -0.6929165444720727  0.3692188313061544  -0.2035442772984572  0.011232767027474874  -0.5003762115121386  0.20614628014627256  -0.12595528635075193
1.7645223281518727    -149.90587319301125   0.19871874301543396  -0.42745475712270986  0.4483738936953574  -0.12847352547872734  1.463785534426303  0.20214248627788145  0.23204498850104918  -0.15866302211679092  -0.13758250540292571  -0.692931734730755  0.36921119872047103  -0.20352355939621258  0.01123084633702225  -0.5003786374648053  0.20615544244510478  -0.125960136936349
1.7645222224274926    -149.90587474913693   0.19873041945638203  -0.427421837613373  0.448343112292408  -0.1284666207730123  1.4638154986345255  0.2023185333023593  0.23208501944039145  -0.1586820052515609  -0.1375822424475657  -0.692972331133032  0.3691818085448033  -0.20351451316091015  0.011220398637645018  -0.5003904014893522  0.20617531461648583  -0.1259726987918056
1.7645220162238298    -149.90590432863215   0.1987223931303628  -0.42736103304861145  0.4483032565936931  -0.12845763108714614  1.4639093680435413  0.2027820318584021  0.23217674588590118  -0.15872682748375344  -0.1375638517060817  -0.6930520856293869  0.3691001720037182  -0.20352940250827883  0.011185929245776006  -0.5004289942055266  0.2062206551207191  -0.12601528394588082
1.7645219354211132    -149.9059396370323   0.19870480182106587  -0.42726994010122604  0.4482377389864121  -0.12846404873971765  1.4640718264963248  0.20352796000908652  0.23231208793083588  -0.15878318639472747  -0.13755933816066948  -0.6931334575428083  0.36896580898731735  -0.20356249030884288  0.01113711763552168  -0.5005118781275191  0.2063161122988071  -0.12609848932963408
1.7645217051775481    -149.90595423792632   0.19866175692354635  -0.42726548600238135  0.44825208361475255  -0.12845884055299517  1.4641447432332881  0.2038496669092816  0.2323677548336895  -0.1588227822628841  -0.13751654506848432  -0.693185641148877  0.36890667752989403  -0.20362079950638073  0.011113213332162567  -0.5005378714554298  0.206318770758029  -0.12613178475895237
1.764521619867973    -149.906009846639   0.1986264107536473  -0.42727974893238096  0.4482867417153412  -0.12845973113174372  1.464156574807345  0.2038225624195239  0.2323476863640589  -0.15880973339297572  -0.13749985830960518  -0.6931547635478483  0.3689034894633594  -0.20364157290907878  0.011101983729446437  -0.5005471893353247  0.20631510311519513  -0.12613606480476863
1.7645215502352782    -149.9060027925031   0.19862069412589134  -0.4272757431577489  0.4482827999945462  -0.1284630858576563  1.4641728381921764  0.2038790004461085  0.2323544305560585  -0.15880988920336775  -0.13750462722402743  -0.6931512972611381  0.36888933130521273  -0.20365183422664251  0.011099061129804718  -0.5005601007499926  0.206321641467382  -0.12615034005280143
1.7645214893522636    -149.9060078350845   0.19860646373427907  -0.4272660122295995  0.4482785026113398  -0.12846577172161577  1.4642065289560608  0.20397975249229178  0.23236305069272553  -0.1588059580925588  -0.13751079781064096  -0.6931397144377731  0.3688603125925106  -0.2036683066966851  0.011089169754003043  -0.5005867976928613  0.2063351955680272  -0.1261799738868592
1.7645214393931177    -149.90601515704407   0.19859835991510674  -0.42725593513885574  0.4482762136251145  -0.12846743909017572  1.4642335085961482  0.20403771572898002  0.23236234371439973  -0.15879452749110753  -0.13751788061240228  -0.6931200224523059  0.36883733588691575  -0.20367385881854852  0.01107570622882151  -0.5006097610082698  0.2063484446294874  -0.12620559688941402
1.7645213640611033    -149.90604471252925   0.19858826859336193  -0.42724541384618925  0.4482690499444211  -0.1284697586276615  1.4642801510724093  0.2040271328656483  0.23232060387827017  -0.1587347967060182  -0.13755443525795005  -0.6930281563589266  0.3687977952519203  -0.20365360666952909  0.011028947987941401  -0.5006602171413936  0.2063900806108354  -0.1262581810083965
1.7645212923873368    -149.90603540265477   0.1985949371989383  -0.42724947450768774  0.448271083073804  -0.12846787594488818  1.4643029806140102  0.20402713177241485  0.23230265633232844  -0.15870947078494044  -0.13756718244284621  -0.6929871166787116  0.36877850329582595  -0.20365274918151774  0.011010211093269943  -0.5006822666449464  0.20640427881751625  -0.1262817959943729
1.7645212568893611    -149.9060235121546   0.1986084803506759  -0.4272668308998217  0.44827926081962904  -0.1284682143947904  1.4642675880253602  0.20386088722355492  0.23227155190357204  -0.1586938557663671  -0.13757273530001266  -0.6929656981423223  0.36880863432636346  -0.20363223049608253  0.011016853933052934  -0.5006634505438836  0.20639158585724965  -0.1262591466212288
1.7645212015602119    -149.9060116469959   0.19861812994025535  -0.42728394595752694  0.4483016361335328  -0.12847635534395682  1.464250322441502  0.20367913645399724  0.23221974655299804  -0.1586572075388903  -0.13757715687747835  -0.6929108005795304  0.3688253901487198  -0.20359747940181103  0.011004216875605863  -0.5006591320329462  0.2063821589474684  -0.1262376974979057
1.7645211467670336    -149.90599989767531   0.19862970580760908  -0.42729669320673647  0.4483077308590682  -0.12848027765701117  1.464268407449805  0.2036685616612533  0.23220016983226616  -0.15863929873765717  -0.13758007288686158  -0.6928869313417579  0.36880798491581185  -0.20356943489452603  0.010985865159798693  -0.5006655390736118  0.20639056241122977  -0.12622469180876236
1.7645210692334985    -149.9060005137564   0.19861882422317556  -0.42731313769541857  0.44833243073760104  -0.12849193200796769  1.4643321628053667  0.20377887911702533  0.23218561751790784  -0.15862121682528926  -0.13756817159671256  -0.692853406174756  0.3687541396968368  -0.20355676784969642  0.01095170344618464  -0.50069567285005  0.2064054893017385  -0.12622099463975997
1.7645209402446453    -149.9060235455817   0.19856190994035067  -0.42737458164006054  0.44841026186312105  -0.12852558484242432  1.464551390198042  0.20426626749874294  0.23217538264057244  -0.15860525619408963  -0.13751436251029472  -0.692799600434961  0.3685596251392904  -0.2035495930764847  0.010883734984872604  -0.500785571795186  0.20644524737059197  -0.12623783746166756
1.7645208988996373    -149.90603671224233   0.1985560587918981  -0.42739621081610135  0.4484321873480036  -0.12853259932599273  1.464579551907584  0.2042924977819276  0.23215973670817389  -0.158595292897191  -0.13751010099759595  -0.692777704943521  0.3685340569574928  -0.20353927343423597  0.010876598323167305  -0.5007952016535621  0.20644896726813097  -0.12622445116908132
1.7645208548498952    -149.9060399902487   0.19854375146831785  -0.4273940936828833  0.44843169524224813  -0.12853312792480714  1.4646006915571061  0.20440340387395764  0.23218187063211043  -0.15861086577256095  -0.13750504979574593  -0.6927959699845967  0.3685155844596372  -0.20356313285052713  0.010879578594233701  -0.5008047219663864  0.20645179788501944  -0.12623542100229598
1.7645207947695658    -149.90602507769387   0.19853465265781514  -0.4274330548659976  0.4484682550263309  -0.1285433837345269  1.464637266377798  0.20443391625586055  0.2321599311350222  -0.15859839616475574  -0.1375068843411914  -0.6927665057435161  0.368478738751116  -0.20356784858065002  0.010871728738435308  -0.5008180791920279  0.20644263924999742  -0.12622302988651674
1.7645207509527985    -149.9060311235623   0.1985244281036459  -0.4274556627928637  0.4484901013543105  -0.1285455363478427  1.4646730850909893  0.204516867989326  0.23215914374115815  -0.15860002636081388  -0.1375119813075855  -0.6927644934259737  0.3684381539840821  -0.20357847211327698  0.010873093677610983  -0.5008282092441626  0.20643721890594194  -0.12622740851536665
1.7645206660190824    -149.90600483038298   0.19853825669511294  -0.4275235673246418  0.4485464919306257  -0.1285610150019552  1.4647164042598664  0.20451432788352128  0.23212099588613186  -0.15858612140022668  -0.13754145025917094  -0.6927445716806228  0.36836794426589126  -0.20355604146023823  0.01089627484326109  -0.50082198770001  0.20640834656664314  -0.12619712795427027
1.764520528295245    -149.90600639304847   0.1985607387020393  -0.4275723796073072  0.4485880332577579  -0.12856672457268292  1.4647898353361712  0.20465161454041747  0.23211100208454843  -0.1585830478473449  -0.1375888126506908  -0.6927628374081262  0.3682559386168555  -0.20352424104177025  0.0109109147791967  -0.5008170353316749  0.20639280232598017  -0.12617817191066788
1.7645203635755322    -149.9059856362032   0.19864667322066923  -0.42764896883317494  0.4486508334999274  -0.12856601628888187  1.464993506255883  0.20519477291947863  0.23214773218858284  -0.15860608756639388  -0.13770822214166378  -0.6928738708683606  0.367952049647514  -0.2034678725641649  0.01095088875258013  -0.5008101558342049  0.2063717954556233  -0.12615878173454007
1.7645201851286978    -149.9059804065288   0.19868201035366384  -0.427654651026048  0.44865551770697715  -0.12857506336626826  1.4650405568283233  0.20528819335161186  0.23214519076904722  -0.1585983176537197  -0.13774834830325083  -0.6928948056002425  0.3678768691795863  -0.20341130435141572  0.010947271924345843  -0.5008024190855296  0.206378893939979  -0.12613193429569203
1.7645200823391847    -149.90598295040866   0.19870391670231086  -0.427629897927805  0.44864238111844307  -0.12857943600652788  1.4651191559146368  0.20557109739339854  0.2321865724144961  -0.15861321801745554  -0.13777335554704082  -0.6929471031851431  0.36778042878904793  -0.20339017238982166  0.010935838931576913  -0.5008159332754887  0.206402144939936  -0.1261359931500252
1.764520010654983    -149.9059952648309   0.1987144771443079  -0.42759839260099686  0.44863410925126035  -0.12858428143739142  1.4652389763166827  0.20599528016907045  0.23224557116937508  -0.15863899418260372  -0.13779894114997487  -0.6930136580427108  0.36764133546257083  -0.20338945648242746  0.010923262214937956  -0.5008460877630109  0.20642833503003097  -0.12615773225421156
1.7645199745622764    -149.90599873531727   0.19872276730278632  -0.4275962232635038  0.44863932304020226  -0.12858714457307033  1.4653245023260904  0.20623253295213118  0.23226287867191356  -0.1586464779988962  -0.1378252618357594  -0.6930396551217459  0.3675379134867562  -0.2033904970769044  0.01091595933232445  -0.5008659051543598  0.20644010087781442  -0.12616429313220062
1.7645199310831843    -149.90600917850105   0.19872413606801823  -0.4275939517765164  0.4486460233861836  -0.12858971752278608  1.4654099121167297  0.2064076608857065  0.23225645851569593  -0.15864399663864834  -0.1378510279256457  -0.6930405452482369  0.36743747454933684  -0.20339315133064267  0.010905231489330338  -0.5008910028885604  0.20645081115933925  -0.1261687504611562
1.764519915689599    -149.90601182431345   0.1987279522924769  -0.4275834031244633  0.4486439800109066  -0.128589209067244  1.4655632312109754  0.2067113219879215  0.2322416519173187  -0.1586436389713182  -0.13790132575064099  -0.6930484688497804  0.3672524062701138  -0.20340537822668991  0.010888398429272436  -0.5009347754324287  0.20646767605525435  -0.12618905564152616
