#Grid tests
#==========
# c atom
# -----
# Eref:
#  ngrid  cc-pvdz:14 cc-pcvdz:18  cc-pvtz:30 cc-pcvtz:43  cc-pvqz:55 cc-pcvqz:84  cc-pv5z:91
#-------------------------------------------------------------------------------------------
0   1290 -37.7728855 -37.7730564 -37.7770074 -37.7769858 -37.7781314 -37.7780282 -37.7784691
1   7760 -37.7749617 -37.7751469 -37.7786282 -37.7786009 -37.7797577 -37.7796561 -37.7800694
2  18120 -37.7753523 -37.7755387 -37.7788234 -37.7787964 -37.7799553 -37.7798537 -37.7802759
3  22650 -37.7753965 -37.7755832 -37.7788604 -37.7788335 -37.7799954 -37.7798938 -37.7803156
4  53100 -37.7754585 -37.7756455 -37.7789260 -37.7788990 -37.7800608    x           x
5  80850 -37.7754773 -37.7756642 -37.7789454 -37.7789184 -37.7800795    x           x
6 116880 -37.7754897 -37.7756766 -37.7789578 -37.7789308    x           x           x
7 162270 -37.7754971 -37.7756841 -37.7789656 -37.7789387    x           x           x
8 180300 -37.7754997 -37.7756866 -37.7789680 -37.7789410    x           x           x
9 290800 -37.7755064 -37.7756933 -37.7789746 -37.7789477    x           x           x
#-------------------------------------------------------------------------------------------
#    VMC -37.7751(4) -37.7758(4) -37.7789(4) -37.7792(4) -37.7801(5) -37.7795(5) -37.7819(5)


# E_stfciqmc (Nw = 500k):
#  ngrid       cc-pvdz:14           cc-pvtz:30          cc-pvqz:55
#---------------------------------------------------------------------
0   1290 -37.8272922 0.0000003 -37.841570 0.000001 -37.845004 0.000003
1   7760 -37.8289334 0.0000002 -37.842587 0.000001 -37.845766 0.000003
2  18120 -37.8292738 0.0000002 -37.842711 0.000002 -37.845873 0.000004
3  22650 -37.8293072 0.0000002 -37.842736 0.000001 -37.845899 0.000002
4  53100 -37.8293564 0.0000002 -37.842779 0.000001 -37.845939 0.000004
5  80850 -37.8293703 0.0000002 -37.842794 0.000001 -37.845960 0.000004
#---------------------------------------------------------------------
#  exact -37.8450              -37.8450            -37.8450


# Ecorr_stfciqmc (Nw = 500k):
#  ngrid      cc-pvdz:14          cc-pvtz:30         cc-pvqz:55
#------------------------------------------------------------------
0   1290 -0.0544067 0.0000003 -0.064563 0.000001 -0.066873 0.000003
1   7760 -0.0539717 0.0000002 -0.063959 0.000001 -0.066008 0.000003
2  18120 -0.0539216 0.0000002 -0.063888 0.000002 -0.065918 0.000004
3  22650 -0.0539108 0.0000002 -0.063875 0.000001 -0.065903 0.000002
4  53100 -0.0538979 0.0000002 -0.063853 0.000001 -0.065878 0.000004
5  80850 -0.0538929 0.0000002 -0.063849 0.000001 -0.065881 0.000004
#------------------------------------------------------------------


# n atom
# -----
# Eref:
#  ngrid  cc-pvdz:14  cc-pvtz:30  cc-pvqz:55
#-------------------------------------------
0   1290 -54.5091188 -54.5155544 -54.5179740
1   7760 -54.5108969 -54.5177357 -54.5198087
2  18120 -54.5108869 -54.5177418 -54.5200538
3  22650 -54.5109337 -54.5177917 -54.5200977
4  53100 -54.5110107 -54.5178705 -54.5201762
5  80850 -54.5110337 -54.5178952 -54.5202021
#-------------------------------------------


# E_stfciqmc (Nw = 500k):
#  ngrid       cc-pvdz:14           cc-pvtz:30          cc-pvqz:55
#---------------------------------------------------------------------
0   1290 -54.5607087 0.0000007 -54.582584 0.000002 -54.588502 0.000006
1   7760 -54.5622152 0.0000008 -54.584317 0.000002 -54.589462 0.000005
2  18120 -54.5621621 0.0000009 -54.584240 0.000003 -54.589628 0.000004
3  22650 -54.5621989 0.0000006 -54.584282 0.000003 -54.589649 0.000005
4  53100 -54.5622644 0.0000008 -54.584337 0.000003 -54.589695 0.000003
5  80850 -54.5622816 0.0000006 -54.584359 0.000003 -54.589717 0.000004
#---------------------------------------------------------------------


# Ecorr_stfciqmc (Nw = 500k):
#  ngrid      cc-pvdz:14          cc-pvtz:30         cc-pvqz:55
#------------------------------------------------------------------
0   1290 -0.0515899 0.0000007 -0.067029 0.000002 -0.070528 0.000006
1   7760 -0.0513183 0.0000008 -0.066581 0.000002 -0.069653 0.000005
2  18120 -0.0512752 0.0000009 -0.066498 0.000003 -0.069575 0.000004
3  22650 -0.0512653 0.0000006 -0.066490 0.000003 -0.069551 0.000005
4  53100 -0.0512537 0.0000008 -0.066466 0.000003 -0.069519 0.000003
5  80850 -0.0512480 0.0000006 -0.066464 0.000003 -0.069515 0.000004
#------------------------------------------------------------------


# o atom
# -----
# Eref:
#  ngrid  cc-pvdz:14  cc-pvtz:30  cc-pvqz:55
#-------------------------------------------
0   1290 -74.9594779 -74.9735909 -74.9782904
1   7760 -74.9642735 -74.9762925 -74.9813762
2  18120 -74.9643507 -74.9771794 -74.9818137
3  22650 -74.9644505 -74.9772690 -74.9818966
4  53100 -74.9645798 -74.9774030 -74.9820272
5  80850 -74.9646200 -74.9774440 -74.9820681
#-------------------------------------------


# E_stfciqmc (Nw = 500k):
#  ngrid       cc-pvdz:14           cc-pvtz:30          cc-pvqz:55
#---------------------------------------------------------------------
0   1290 -75.0182969 0.0000007 -75.054675 0.000006 -75.064662 0.000006
1   7760 -75.0225985 0.0000008 -75.056445 0.000003 -75.066272 0.000009
2  18120 -75.022619  0.000002  -75.057215 0.000005 -75.066530 0.000007
3  22650 -75.022706  0.000001  -75.057284 0.000006 -75.066592 0.000009
4  53100 -75.022820  0.000001  -75.057385 0.000004 -75.066678 0.000009
5  80850 -75.0228534 0.0000009 -75.057421 0.000005 -75.066703 0.000004
#---------------------------------------------------------------------


# Ecorr_stfciqmc (Nw = 500k):
#  ngrid      cc-pvdz:14          cc-pvtz:30         cc-pvqz:55
#------------------------------------------------------------------
0   1290 -0.0588190 0.0000007 -0.081084 0.000006 -0.086372 0.000006
1   7760 -0.0583250 0.0000008 -0.080153 0.000003 -0.084896 0.000009
2  18120 -0.058268  0.000002  -0.080035 0.000005 -0.084716 0.000007
3  22650 -0.058256  0.000001  -0.080015 0.000006 -0.084696 0.000009
4  53100 -0.058241  0.000001  -0.079982 0.000004 -0.084651 0.000009
5  80850 -0.0582333 0.0000009 -0.079977 0.000005 -0.084635 0.000004
#------------------------------------------------------------------
