# <E_L> and var[E_L] for 10 run instances:
#                -----------rw.var.min-----------  ----------var.Eref.min----------  ----------urw.var.min-----------  ------------MAD.min-------------  -------------E.min--------------
#sy--basis---in----------<E_L>---------var[E_L]------------<E_L>---------var[E_L]------------<E_L>---------var[E_L]------------<E_L>---------var[E_L]------------<E_L>---------var[E_L]--
C   cc-pvdz  01   -37.72818 0.00048 0.6417 0.0084   -37.79837 0.00028 0.757  0.075    -37.79823 0.00044 0.691  0.012    -37.79844 0.00043 0.6728 0.0072   -37.80507 0.00046 0.7655 0.0089
C   cc-pvdz  02   -37.77091 0.00045 0.655  0.025    -37.79910 0.00026 0.6830 0.0047   -37.79709 0.00043 0.6758 0.0064   -37.79787 0.00043 0.689  0.018    -37.80545 0.00049 0.8013 0.0081
C   cc-pvdz  03   -37.74577 0.00047 0.650  0.011    -37.79908 0.00027 0.6962 0.0081   -37.79713 0.00044 0.6814 0.0090   -37.79907 0.00043 0.6792 0.0099   -37.80560 0.00049 0.803  0.012
C   cc-pvdz  04   -37.76044 0.00046 0.6376 0.0063   -37.79918 0.00026 0.6758 0.0049   -37.79792 0.00043 0.6754 0.0073   -37.79921 0.00043 0.6810 0.0081   -37.80554 0.00046 0.7508 0.0081
C   cc-pvdz  05   -37.77432 0.00044 0.649  0.014    -37.79884 0.00026 0.6843 0.0070   -37.79833 0.00043 0.6685 0.0071   -37.79887 0.00043 0.6730 0.0077   -37.80480 0.00047 0.7689 0.0064
C   cc-pvdz  06   -37.78330 0.00044 0.649  0.011    -37.79862 0.00026 0.6803 0.0044   -37.79771 0.00043 0.6830 0.0077   -37.79812 0.00043 0.6727 0.0077   -37.80566 0.00048 0.7861 0.0086
C   cc-pvdz  07   -37.77327 0.00045 0.6485 0.0087   -37.79834 0.00026 0.6830 0.0061   -37.79856 0.00044 0.700  0.030    -37.79870 0.00043 0.6768 0.0086   -37.80537 0.00049 0.7897 0.0067
C   cc-pvdz  08   -37.75371 0.00046 0.6355 0.0068   -37.79909 0.00026 0.6744 0.0043   -37.79870 0.00044 0.6834 0.0094   -37.79867 0.00043 0.6752 0.0072   -37.80575 0.00047 0.7721 0.0073
C   cc-pvdz  09   -37.72449 0.00048 0.6456 0.0099   -37.79774 0.00026 0.6925 0.0066   -37.79777 0.00043 0.6781 0.0065   -37.79877 0.00043 0.6762 0.0074   -37.80528 0.00046 0.7591 0.0082
C   cc-pvdz  10   -37.77108 0.00045 0.6397 0.0079   -37.79858 0.00026 0.6841 0.0047   -37.79647 0.00044 0.681  0.011    -37.79981 0.00043 0.6781 0.0074   -37.80512 0.00049 0.811  0.021
                                                                                                                                                                    
                                                                                                                                                                    
N   cc-pvdz  01   -54.42332 0.00076 1.87   0.52     -54.53765 0.00041 1.674  0.012    -54.53756 0.00063 1.679  0.019    -54.53839 0.00063 1.699  0.026    -54.54471 0.00078 2.012  0.025 
N   cc-pvdz  02   -54.35224 0.00073 1.580  0.019    -54.53729 0.00041 1.698  0.016    -54.53669 0.00064 1.670  0.017    -54.53580 0.00063 1.668  0.019    -54.54476 0.00073 1.891  0.017 
N   cc-pvdz  03   -54.46125 0.00067 1.549  0.018    -54.53620 0.00041 1.692  0.012    -54.53632 0.00064 1.668  0.018    -54.53652 0.00063 1.664  0.021    -54.54354 0.00074 1.937  0.021 
N   cc-pvdz  04   -54.25340 0.00079 1.610  0.019    -54.53705 0.00041 1.659  0.012    -54.53701 0.00064 1.675  0.021    -54.53749 0.00063 1.668  0.017    -54.54469 0.00073 1.917  0.030 
N   cc-pvdz  05   -54.47590 0.00066 1.570  0.025    -54.53778 0.00041 1.701  0.020    -54.53785 0.00064 1.693  0.043    -54.53769 0.00063 1.654  0.017    -54.54541 0.00073 1.880  0.016 
N   cc-pvdz  06   -54.44893 0.00067 1.537  0.014    -54.53774 0.00041 1.682  0.012    -54.53631 0.00064 1.681  0.049    -54.53718 0.00063 1.657  0.017    -54.54576 0.00073 1.901  0.025 
N   cc-pvdz  07   -54.47950 0.00066 1.556  0.018    -54.53706 0.00041 1.701  0.014    -54.53703 0.00064 1.685  0.020    -54.53661 0.00063 1.667  0.021    -54.54123 0.00067 1.800  0.022 
N   cc-pvdz  08   -54.45973 0.00067 1.562  0.016    -54.53694 0.00041 1.675  0.014    -54.53638 0.00064 1.673  0.020    -54.53614 0.00063 1.679  0.026    -54.54386 0.00066 1.780  0.022 
N   cc-pvdz  09   -54.48566 0.00066 1.585  0.049    -54.53814 0.00042 1.707  0.019    -54.53814 0.00064 1.690  0.022    -54.53804 0.00062 1.671  0.028    -54.54344 0.00078 1.992  0.029 
N   cc-pvdz  10   -54.49675 0.00065 1.603  0.048    -54.53678 0.00041 1.685  0.022    -54.53569 0.00063 1.672  0.018    -54.53582 0.00063 1.654  0.018    -54.54379 0.00073 1.896  0.019 
                                                                                                                                                                    
                                                                                                                                                                    
O   cc-pvdz  01   -74.8203  0.0010  3.406  0.048    -75.00016 0.00062 3.82   0.13     -74.99805 0.00094 3.710  0.048    -74.99961 0.00092 3.681  0.049    -75.0068  0.0011  4.064  0.048 
O   cc-pvdz  02   -74.85389 0.00099 3.399  0.044    -75.00136 0.00062 3.747  0.033    -75.00158 0.00093 3.682  0.039    -74.99971 0.00092 3.679  0.042    -75.0096  0.0011  4.111  0.063 
O   cc-pvdz  03   -74.92883 0.00095 3.473  0.036    -75.00022 0.00062 3.732  0.031    -75.00072 0.00094 3.762  0.066    -74.99949 0.00092 3.655  0.035    -75.0091  0.0011  4.074  0.039 
O   cc-pvdz  04   -74.87553 0.00098 3.377  0.031    -74.99973 0.00061 3.727  0.052    -75.00074 0.00094 3.747  0.049    -74.99892 0.00092 3.692  0.052    -75.0091  0.0011  4.129  0.068 
O   cc-pvdz  05   -73.3017  0.0013  3.782  0.031    -74.99875 0.00061 3.712  0.026    -74.99989 0.00093 3.710  0.046    -74.99754 0.00092 3.628  0.037    -75.0094  0.0011  4.30   0.11
O   cc-pvdz  06   -74.89096 0.00098 3.426  0.088    -75.00024 0.00061 3.642  0.024    -75.00080 0.00094 3.736  0.054    -74.99922 0.00092 3.676  0.040    -75.00582 0.00094 3.806  0.041 
O   cc-pvdz  07   -73.5068  0.0015  4.30   0.26     -74.99984 0.00061 3.680  0.045    -74.99893 0.00093 3.645  0.035    -74.99896 0.00095 3.80   0.13     -75.0107  0.0011  4.244  0.048 
O   cc-pvdz  08   -74.8224  0.0010  3.412  0.084    -75.00016 0.00061 3.686  0.028    -74.99872 0.00093 3.700  0.052    -74.99999 0.00092 3.691  0.042    -75.0098  0.0011  4.12   0.10
O   cc-pvdz  09   -74.89904 0.00098 3.56   0.13     -75.00025 0.00061 3.745  0.029    -74.99819 0.00093 3.663  0.044    -75.00212 0.00093 3.727  0.064    -75.0088  0.0011  4.123  0.044 
O   cc-pvdz  10   -74.8718  0.0010  3.496  0.055    -75.00029 0.00062 3.750  0.030    -75.00091 0.00092 3.667  0.036    -74.99968 0.00092 3.645  0.041    -75.0087  0.0011  4.077  0.045 


C2  cc-pvdz  01   -75.66963 0.00075 1.591  0.016    -75.69985 0.00041 1.6364 0.0072   -75.69279 0.00075 1.645  0.015    -75.69915 0.00073 1.620  0.014    -75.75272 0.00088 2.180  0.012
C2  cc-pvdz  02   -75.67339 0.00074 1.579  0.016    -75.69991 0.00041 1.6195 0.0073   -75.69435 0.00075 1.636  0.014    -75.69785 0.00074 1.627  0.012    -75.75470 0.00091 2.262  0.014
C2  cc-pvdz  03   -75.65009 0.00076 1.568  0.011    -75.69644 0.00041 1.644  0.010    -75.69242 0.00075 1.650  0.021    -75.69823 0.00074 1.621  0.013    -75.75504 0.00091 2.276  0.016
C2  cc-pvdz  04   -75.66569 0.00075 1.595  0.016    -75.69964 0.00041 1.6288 0.0065   -75.69499 0.00075 1.659  0.040    -75.69639 0.00074 1.639  0.020    -75.75547 0.00095 2.376  0.026
C2  cc-pvdz  05   -75.63847 0.00077 1.590  0.022    -75.69814 0.00041 1.6316 0.0069   -75.69131 0.00075 1.635  0.016    -75.69775 0.00074 1.618  0.014    -75.75334 0.00094 2.308  0.015
C2  cc-pvdz  06   -75.66379 0.00076 1.603  0.025    -75.69854 0.00041 1.6400 0.0083   -75.69538 0.00075 1.647  0.020    -75.69617 0.00074 1.612  0.013    -75.75410 0.00090 2.255  0.022
C2  cc-pvdz  07   -75.64245 0.00076 1.592  0.015    -75.69925 0.00041 1.6272 0.0069   -75.69501 0.00075 1.651  0.019    -75.69853 0.00074 1.625  0.013    -75.75392 0.00094 2.355  0.014
C2  cc-pvdz  08   -75.68173 0.00073 1.577  0.011    -75.69857 0.00041 1.662  0.019    -75.68503 0.00075 1.643  0.013    -75.69934 0.00074 1.633  0.017    -75.75511 0.00096 2.389  0.028
C2  cc-pvdz  09   -75.66874 0.00075 1.585  0.021    -75.69790 0.00041 1.6404 0.0079   -75.69330 0.00074 1.621  0.012    -75.69860 0.00074 1.630  0.012    -75.75354 0.00087 2.178  0.013
C2  cc-pvdz  10   -75.67308 0.00075 1.591  0.015    -75.69822 0.00041 1.6425 0.0084   -75.69427 0.00074 1.647  0.015    -75.69955 0.00074 1.627  0.015    -75.75394 0.00088 2.168  0.016
                                                                                                                                                                  
                                                                                                                                                                  
CN  cc-pvdz  01   -92.46345 0.00089 2.545  0.042    -92.54231 0.00052 2.646  0.022    -92.53518 0.00086 2.648  0.024    -92.53798 0.00085 2.608  0.024    -92.5851  0.0010  3.204  0.031
CN  cc-pvdz  02   -92.45060 0.00089 2.509  0.018    -92.54007 0.00052 2.669  0.019    -92.53789 0.00086 2.670  0.033    -92.53727 0.00084 2.588  0.022    -92.5854  0.0010  3.266  0.094
CN  cc-pvdz  03   -92.46298 0.00089 2.516  0.026    -92.53834 0.00053 2.73   0.11     -92.53914 0.00085 2.641  0.025    -92.53750 0.00085 2.615  0.030    -92.5851  0.0011  3.306  0.022
CN  cc-pvdz  04   -92.47394 0.00088 2.527  0.024    -92.53796 0.00052 2.634  0.013    -92.53655 0.00086 2.651  0.036    -92.53840 0.00085 2.652  0.063    -92.5829  0.0011  3.359  0.028
CN  cc-pvdz  05   -92.50729 0.00086 2.550  0.021    -92.53947 0.00052 2.669  0.045    -92.53901 0.00085 2.621  0.023    -92.53822 0.00085 2.614  0.030    -92.5847  0.0010  3.247  0.020
CN  cc-pvdz  06   -92.50520 0.00086 2.551  0.033    -92.54053 0.00052 2.643  0.016    -92.53586 0.00086 2.611  0.029    -92.54029 0.00085 2.630  0.046    -92.5822  0.0010  3.208  0.041
CN  cc-pvdz  07   -92.50741 0.00085 2.616  0.019    -92.53943 0.00052 2.648  0.028    -92.53534 0.00086 2.644  0.037    -92.53948 0.00085 2.598  0.024    -92.5831  0.0010  3.268  0.033
CN  cc-pvdz  08   -92.48922 0.00087 2.512  0.043    -92.53923 0.00052 2.619  0.016    -92.53530 0.00087 2.653  0.046    -92.53778 0.00085 2.591  0.027    -92.5865  0.0011  3.458  0.052
CN  cc-pvdz  09   -92.49968 0.00087 2.528  0.028    -92.53999 0.00052 2.673  0.019    -92.52896 0.00087 2.671  0.045    -92.53723 0.00085 2.599  0.026    -92.5859  0.0011  3.421  0.030
CN  cc-pvdz  10   -92.45747 0.00090 2.547  0.034    -92.53750 0.00052 2.623  0.015    -92.53698 0.00086 2.639  0.027    -92.53927 0.00085 2.638  0.038    -92.5848  0.0011  3.338  0.065
                                                                                                                                                                  
                                                                                                                                                                  
N2  cc-pvdz  01  -109.2491  0.0011  3.697  0.050   -109.34668 0.00062 3.785  0.017   -109.3415  0.0010  3.832  0.040   -109.3442  0.0010  3.744  0.027   -109.3974  0.0013  4.860  0.038
N2  cc-pvdz  02  -109.3038  0.0010  3.682  0.052   -109.34574 0.00062 3.834  0.023   -109.3404  0.0010  3.792  0.038   -109.3472  0.0010  3.797  0.042   -109.3954  0.0013  4.660  0.034
N2  cc-pvdz  03  -109.2705  0.0011  3.645  0.036   -109.34500 0.00062 3.817  0.025   -109.3392  0.0011  3.96   0.23    -109.3459  0.0010  3.782  0.044   -109.3962  0.0013  4.795  0.039
N2  cc-pvdz  04  -109.2575  0.0011  3.655  0.029   -109.34029 0.00062 3.760  0.019   -109.3424  0.0011  4.02   0.25    -109.3462  0.0010  3.850  0.082   -109.3987  0.0014  4.961  0.060
N2  cc-pvdz  05  -109.2241  0.0011  3.693  0.038   -109.34618 0.00062 3.793  0.020   -109.3413  0.0010  3.810  0.032   -109.3444  0.0010  3.739  0.029   -109.3949  0.0012  4.571  0.033
N2  cc-pvdz  06  -109.3076  0.0010  3.634  0.033   -109.34790 0.00062 3.817  0.023   -109.3429  0.0010  3.847  0.037   -109.3444  0.0010  3.844  0.048   -109.3946  0.0014  4.917  0.038
N2  cc-pvdz  07  -109.2642  0.0011  3.660  0.037   -109.34613 0.00063 3.851  0.057   -109.3413  0.0010  3.815  0.044   -109.3473  0.0010  3.777  0.033   -109.3951  0.0013  4.756  0.059
N2  cc-pvdz  08  -109.3001  0.0010  3.670  0.053   -109.34629 0.00062 3.796  0.017   -109.3445  0.0010  3.788  0.032   -109.3452  0.0010  3.806  0.056   -109.3957  0.0013  4.768  0.039
N2  cc-pvdz  09  -109.3036  0.0010  3.651  0.027   -109.34761 0.00062 3.805  0.017   -109.3409  0.0010  3.779  0.029   -109.3452  0.0010  3.803  0.055   -109.3967  0.0013  4.85   0.13 
N2  cc-pvdz  10  -109.3026  0.0010  3.662  0.033   -109.34616 0.00062 3.799  0.019   -109.3412  0.0010  3.767  0.032   -109.3441  0.0010  3.861  0.065   -109.3982  0.0014  4.922  0.089
                                                                                                                                                                  
                                                                                                                                                                  
O2  cc-pvdz  01  -150.0164  0.0014  7.334  0.061   -150.11668 0.00089 7.767  0.038   -150.1133  0.0014  7.832  0.078   -150.1115  0.0014  7.714  0.066   -150.1604  0.0017  9.093  0.088
O2  cc-pvdz  02  -149.9536  0.0015  7.38   0.14    -150.11736 0.00089 7.790  0.039   -150.1152  0.0014  7.98   0.30    -150.1162  0.0014  7.734  0.060   -150.1618  0.0018  9.20   0.12 
O2  cc-pvdz  03  -149.9334  0.0014  7.897  0.063   -150.11460 0.00089 7.850  0.050   -150.1107  0.0014  7.838  0.077   -150.1128  0.0014  7.821  0.085   -150.1581  0.0016  8.96   0.13 
O2  cc-pvdz  04  -149.9635  0.0014  7.369  0.079   -150.11341 0.00089 7.779  0.049   -150.1065  0.0014  7.638  0.055   -150.1131  0.0014  7.84   0.12    -150.1632  0.0017  9.53   0.86 
O2  cc-pvdz  05  -150.0438  0.0014  7.919  0.055   -150.11856 0.00089 7.834  0.051   -150.1115  0.0014  7.793  0.075   -150.1145  0.0014  7.791  0.064   -150.1609  0.0017  9.077  0.079
O2  cc-pvdz  06  -149.9388  0.0015  7.291  0.085   -150.11647 0.00088 7.712  0.037   -150.1104  0.0014  7.77   0.12    -150.1162  0.0014  7.85   0.13    -150.1608  0.0017  9.033  0.078
O2  cc-pvdz  07  -149.9347  0.0015  7.335  0.059   -150.11862 0.00089 7.758  0.042   -150.1113  0.0014  7.766  0.073   -150.1110  0.0014  7.722  0.056   -150.1559  0.0015  8.350  0.069
O2  cc-pvdz  08  -149.9503  0.0014  7.293  0.061   -150.11628 0.00089 7.766  0.055   -150.1146  0.0014  7.771  0.061   -150.1143  0.0014  7.865  0.091   -150.1589  0.0017  8.975  0.085
O2  cc-pvdz  09  -149.9251  0.0015  7.445  0.080   -150.11622 0.00089 7.807  0.041   -150.1113  0.0014  7.727  0.057   -150.1134  0.0014  7.801  0.082   -150.1616  0.0017  9.07   0.22 
O2  cc-pvdz  10  -149.8938  0.0015  7.211  0.058   -150.11832 0.00089 7.795  0.042   -150.1132  0.0014  7.792  0.081   -150.1135  0.0014  7.728  0.061   -150.1602  0.0016  8.851  0.064


C   cc-pvtz  01   -37.78131 0.00036 0.436  0.015    -37.80196 0.00021 0.4526 0.0030   -37.80135 0.00035 0.458  0.015    -37.80272 0.00034 0.454  0.014    -37.80937 0.00037 0.5327 0.0059
C   cc-pvtz  02   -37.78304 0.00036 0.4327 0.0047   -37.80159 0.00021 0.4501 0.0029   -37.80001 0.00035 0.4498 0.0062   -37.80306 0.00034 0.4546 0.0062   -37.80936 0.00039 0.5487 0.0093
C   cc-pvtz  03   -37.77759 0.00037 0.4388 0.0066   -37.80189 0.00021 0.4514 0.0034   -37.79919 0.00035 0.4501 0.0064   -37.80269 0.00034 0.4555 0.0094   -37.80954 0.00037 0.5289 0.0047
C   cc-pvtz  04   -37.78551 0.00036 0.4375 0.0091   -37.80179 0.00021 0.4535 0.0039   -37.80108 0.00036 0.459  0.012    -37.80265 0.00034 0.4536 0.0096   -37.80928 0.00037 0.5267 0.0055
C   cc-pvtz  05   -37.79313 0.00035 0.4420 0.0085   -37.80139 0.00021 0.4510 0.0029   -37.80110 0.00035 0.4475 0.0058   -37.80211 0.00034 0.4526 0.0063   -37.80880 0.00037 0.5268 0.0096
C   cc-pvtz  06   -37.79188 0.00035 0.4277 0.0034   -37.79197 0.00022 0.4715 0.0027   -37.80080 0.00035 0.4467 0.0047   -37.80272 0.00035 0.4510 0.0085   -37.80871 0.00037 0.5380 0.0097
C   cc-pvtz  07   -37.79143 0.00035 0.4367 0.0070   -37.80113 0.00021 0.4539 0.0044   -37.80145 0.00035 0.4447 0.0043   -37.80247 0.00034 0.4459 0.0058   -37.80878 0.00036 0.5165 0.0061
C   cc-pvtz  08   -37.78416 0.00036 0.4342 0.0071   -37.79981 0.00022 0.471  0.012    -37.80074 0.00035 0.4521 0.0084   -37.80299 0.00034 0.4527 0.0073   -37.80933 0.00039 0.565  0.032 
C   cc-pvtz  09   -37.77592 0.00037 0.4409 0.0087   -37.80194 0.00021 0.4499 0.0028   -37.80107 0.00035 0.4512 0.0068   -37.80187 0.00035 0.460  0.016    -37.80931 0.00037 0.5217 0.0046
C   cc-pvtz  10   -37.77144 0.00037 0.4407 0.0072   -37.80201 0.00021 0.4499 0.0033   -37.80207 0.00035 0.460  0.018    -37.80191 0.00034 0.4531 0.0093   -37.80923 0.00037 0.5277 0.0073
                                                                                                                                                                   
                                                                                                                                                                   
N   cc-pvtz  01   -54.53326 0.00050 0.978  0.017    -54.54557 0.00032 1.0046 0.0077   -54.54431 0.00049 0.994  0.012    -54.54540 0.00048 0.991  0.011    -54.55127 0.00053 1.175  0.062 
N   cc-pvtz  02   -54.52010 0.00050 0.970  0.018    -54.54503 0.00032 1.021  0.011    -54.54445 0.00050 1.001  0.017    -54.54448 0.00048 0.989  0.010    -54.55246 0.00053 1.138  0.012 
N   cc-pvtz  03   -54.51548 0.00051 0.967  0.011    -54.54575 0.00032 1.016  0.021    -54.54158 0.00050 1.016  0.012    -54.54534 0.00049 0.980  0.011    -54.55204 0.00053 1.151  0.015 
N   cc-pvtz  04   -54.53252 0.00049 0.977  0.016    -54.54498 0.00033 1.038  0.046    -54.54490 0.00051 1.039  0.069    -54.54499 0.00049 1.023  0.028    -54.55163 0.00052 1.133  0.016 
N   cc-pvtz  05   -54.36831 0.00063 1.027  0.015    -54.54521 0.00032 1.0133 0.0088   -54.54262 0.00050 1.008  0.022    -54.54497 0.00049 0.993  0.012    -54.55097 0.00053 1.132  0.015 
N   cc-pvtz  06   -54.51279 0.00051 0.965  0.010    -54.54544 0.00032 1.027  0.012    -54.54340 0.00050 1.011  0.015    -54.54565 0.00048 1.007  0.020    -54.55169 0.00053 1.144  0.010 
N   cc-pvtz  07   -54.53072 0.00049 0.975  0.014    -54.54532 0.00032 1.034  0.013    -54.54386 0.00050 1.017  0.019    -54.54486 0.00049 1.007  0.016    -54.55214 0.00052 1.123  0.011 
N   cc-pvtz  08   -54.41676 0.00058 1.003  0.011    -54.54421 0.00033 1.054  0.030    -54.54495 0.00050 1.000  0.013    -54.54447 0.00049 0.997  0.012    -54.55242 0.00054 1.149  0.012 
N   cc-pvtz  09   -54.53284 0.00050 0.978  0.016    -54.54430 0.00032 1.011  0.011    -54.54456 0.00049 1.006  0.016    -54.54444 0.00049 1.021  0.027    -54.55123 0.00053 1.133  0.014 
N   cc-pvtz  10   -54.52472 0.00050 0.970  0.012    -54.53790 0.00033 1.0911 0.0086   -54.54328 0.00050 1.008  0.017    -54.54418 0.00049 0.997  0.011    -54.55292 0.00053 1.142  0.023 
                                                                                                                                                                   
                                                                                                                                                                   
O   cc-pvtz  01   -74.95633 0.00074 1.977  0.022    -75.01449 0.00046 2.077  0.017    -75.01304 0.00071 2.082  0.023    -75.01488 0.00071 2.131  0.041    -75.02146 0.00077 2.326  0.031 
O   cc-pvtz  02   -74.99142 0.00071 2.011  0.027    -75.01449 0.00047 2.146  0.036    -75.01367 0.00073 2.104  0.029    -75.01338 0.00071 2.088  0.024    -75.02155 0.00078 2.349  0.030 
O   cc-pvtz  03   -74.93643 0.00077 2.033  0.037    -75.01463 0.00046 2.118  0.021    -75.01260 0.00072 2.112  0.039    -75.01437 0.00071 2.097  0.040    -75.02143 0.00077 2.345  0.065 
O   cc-pvtz  04   -74.83307 0.00083 2.086  0.053    -75.01424 0.00046 2.096  0.020    -75.01277 0.00072 2.142  0.032    -75.01497 0.00070 2.074  0.022    -75.02212 0.00078 2.373  0.070 
O   cc-pvtz  05   -74.99877 0.00071 2.034  0.025    -75.01406 0.00046 2.099  0.017    -75.01333 0.00073 2.095  0.026    -75.01336 0.00069 2.048  0.021    -75.02150 0.00077 2.373  0.044 
O   cc-pvtz  06   -74.88769 0.00080 2.076  0.045    -75.01448 0.00048 2.31   0.20     -75.01284 0.00071 2.102  0.034    -75.01443 0.00070 2.096  0.026    -75.02008 0.00077 2.345  0.052 
O   cc-pvtz  07   -74.94317 0.00076 2.004  0.033    -75.01383 0.00046 2.083  0.020    -75.01288 0.00071 2.109  0.030    -75.01472 0.00071 2.092  0.032    -75.02074 0.00075 2.266  0.028 
O   cc-pvtz  08   -74.92750 0.00077 2.044  0.047    -75.01305 0.00046 2.098  0.026    -75.01449 0.00072 2.107  0.036    -75.01351 0.00071 2.109  0.032    -75.02073 0.00074 2.236  0.029 
O   cc-pvtz  09   -74.96979 0.00074 2.025  0.034    -75.01414 0.00046 2.106  0.021    -75.01410 0.00072 2.126  0.035    -75.01511 0.00071 2.103  0.030    -75.02213 0.00077 2.298  0.036 
O   cc-pvtz  10   -74.93137 0.00077 2.045  0.033    -75.01456 0.00047 2.209  0.086    -75.01383 0.00072 2.102  0.025    -75.01477 0.00073 2.25   0.21     -75.01991 0.00075 2.290  0.076 


C2  cc-pvtz  01   -75.69606 0.00063 1.123  0.011    -75.70739 0.00034 1.1360 0.0044   -75.70190 0.00063 1.147  0.017    -75.70667 0.00063 1.156  0.014    -75.76273 0.00069 1.5431 0.0095
C2  cc-pvtz  02   -75.69344 0.00062 1.129  0.011    -75.70586 0.00034 1.1377 0.0062   -75.70616 0.00063 1.150  0.011    -75.70602 0.00063 1.166  0.047    -75.76146 0.00069 1.547  0.010 
C2  cc-pvtz  03   -75.70292 0.00061 1.1346 0.0099   -75.70655 0.00034 1.151  0.014    -75.70268 0.00063 1.150  0.012    -75.70816 0.00062 1.1448 0.0095   -75.76219 0.00072 1.646  0.010 
C2  cc-pvtz  04   -75.68023 0.00062 1.137  0.010    -75.70805 0.00034 1.1462 0.0072   -75.70383 0.00062 1.1410 0.0087   -75.70557 0.00062 1.157  0.016    -75.76449 0.00072 1.651  0.012 
C2  cc-pvtz  05   -75.69762 0.00062 1.129  0.018    -75.70795 0.00034 1.1419 0.0060   -75.70300 0.00063 1.154  0.010    -75.70734 0.00062 1.1420 0.0092   -75.76262 0.00072 1.639  0.011 
C2  cc-pvtz  06   -75.69990 0.00063 1.128  0.013    -75.70642 0.00034 1.1487 0.0078   -75.70415 0.00063 1.1499 0.0081   -75.70447 0.00062 1.134  0.014    -75.76326 0.00070 1.573  0.011 
C2  cc-pvtz  07   -75.69581 0.00062 1.1114 0.0069   -75.70805 0.00034 1.1366 0.0045   -75.70241 0.00063 1.1528 0.0095   -75.70529 0.00062 1.1287 0.0077   -75.76262 0.00072 1.6473 0.0088
C2  cc-pvtz  08   -75.67894 0.00063 1.125  0.010    -75.70668 0.00034 1.1488 0.0093   -75.70263 0.00063 1.162  0.023    -75.70621 0.00062 1.145  0.013    -75.76267 0.00071 1.592  0.011 
C2  cc-pvtz  09   -75.69568 0.00063 1.142  0.021    -75.70810 0.00034 1.1514 0.0090   -75.70339 0.00063 1.147  0.011    -75.70555 0.00062 1.138  0.012    -75.76192 0.00070 1.602  0.027 
C2  cc-pvtz  10   -75.69425 0.00062 1.133  0.014    -75.70819 0.00034 1.1525 0.0084   -75.70280 0.00063 1.162  0.015    -75.70605 0.00063 1.21   0.13     -75.76088 0.00071 1.594  0.014 
                                                                                                                                                                    
                                                                                                                                                                    
CN  cc-pvtz  01   -92.53799 0.00072 1.718  0.018    -92.55541 0.00042 1.775  0.012    -92.55400 0.00073 1.779  0.024    -92.55682 0.00071 1.761  0.020    -92.60035 0.00083 2.317  0.038 
CN  cc-pvtz  02   -92.54354 0.00072 1.724  0.018    -92.55424 0.00042 1.764  0.012    -92.55225 0.00073 1.785  0.023    -92.55592 0.00072 1.753  0.022    -92.60009 0.00081 2.219  0.040 
CN  cc-pvtz  03   -92.54185 0.00073 1.721  0.014    -92.55827 0.00042 1.7527 0.0086   -92.55379 0.00072 1.740  0.015    -92.55670 0.00072 1.764  0.021    -92.60131 0.00084 2.309  0.026 
CN  cc-pvtz  04   -92.53715 0.00072 1.720  0.018    -92.55476 0.00042 1.761  0.014    -92.55340 0.00072 1.754  0.018    -92.55715 0.00071 1.755  0.024    -92.59861 0.00079 2.169  0.022 
CN  cc-pvtz  05   -92.53415 0.00072 1.716  0.016    -92.55759 0.00042 1.766  0.011    -92.55296 0.00072 1.751  0.016    -92.55469 0.00071 1.747  0.017    -92.60072 0.00080 2.159  0.022 
CN  cc-pvtz  06   -92.54428 0.00071 1.726  0.015    -92.55667 0.00042 1.773  0.012    -92.55395 0.00073 1.812  0.045    -92.55570 0.00072 1.794  0.052    -92.60002 0.00083 2.322  0.046 
CN  cc-pvtz  07   -92.54122 0.00072 1.727  0.015    -92.55955 0.00042 1.765  0.010    -92.55487 0.00072 1.776  0.026    -92.55544 0.00072 1.801  0.045    -92.60072 0.00082 2.269  0.021 
CN  cc-pvtz  08   -92.52717 0.00073 1.739  0.018    -92.55693 0.00042 1.771  0.011    -92.55289 0.00072 1.753  0.022    -92.55470 0.00072 1.777  0.033    -92.59914 0.00080 2.160  0.025 
CN  cc-pvtz  09   -92.54911 0.00072 1.747  0.030    -92.55695 0.00042 1.753  0.012    -92.55255 0.00072 1.779  0.022    -92.55449 0.00072 1.762  0.026    -92.59990 0.00082 2.248  0.018 
CN  cc-pvtz  10   -92.53715 0.00073 1.744  0.022    -92.55574 0.00043 1.792  0.029    -92.55341 0.00073 1.809  0.039    -92.55545 0.00071 1.738  0.015    -92.60050 0.00084 2.295  0.018 
                                                                                                                                                                    
                                                                                                                                                                    
N2  cc-pvtz  01  -109.35011 0.00082 2.343  0.017   -109.36944 0.00049 2.391  0.015   -109.36674 0.00083 2.425  0.028   -109.36567 0.00082 2.397  0.039   -109.41733 0.00095 3.052  0.049 
N2  cc-pvtz  02  -109.35133 0.00083 2.348  0.019   -109.36508 0.00050 2.378  0.014   -109.36501 0.00082 2.369  0.023   -109.36692 0.00081 2.381  0.018   -109.41602 0.00092 2.914  0.035 
N2  cc-pvtz  03  -109.34933 0.00082 2.369  0.022   -109.36827 0.00050 2.412  0.015   -109.36535 0.00083 2.398  0.028   -109.36664 0.00082 2.399  0.026   -109.41645 0.00093 3.003  0.025 
N2  cc-pvtz  04  -109.34716 0.00083 2.392  0.026   -109.37055 0.00049 2.396  0.013   -109.36578 0.00083 2.413  0.028   -109.36767 0.00082 2.360  0.021   -109.41784 0.00095 3.044  0.032 
N2  cc-pvtz  05  -109.34409 0.00084 2.384  0.034   -109.36686 0.00049 2.403  0.015   -109.36529 0.00083 2.390  0.027   -109.36608 0.00082 2.378  0.021   -109.41645 0.00097 3.128  0.041 
N2  cc-pvtz  06  -109.34409 0.00083 2.350  0.023   -109.36918 0.00049 2.393  0.014   -109.36575 0.00082 2.392  0.022   -109.36798 0.00082 2.403  0.035   -109.41564 0.00096 3.117  0.080 
N2  cc-pvtz  07  -109.35067 0.00083 2.401  0.051   -109.36861 0.00049 2.371  0.012   -109.36491 0.00082 2.415  0.026   -109.36538 0.00083 2.370  0.021   -109.41512 0.00096 3.103  0.031 
N2  cc-pvtz  08  -109.36299 0.00082 2.385  0.025   -109.36880 0.00049 2.433  0.039   -109.36471 0.00082 2.400  0.025   -109.36683 0.00082 2.389  0.027   -109.41309 0.00094 3.004  0.020 
N2  cc-pvtz  09  -109.35457 0.00083 2.353  0.021   -109.36828 0.00049 2.391  0.015   -109.36459 0.00083 2.408  0.025   -109.36669 0.00082 2.366  0.023   -109.41678 0.00097 3.129  0.036 
N2  cc-pvtz  10  -109.35056 0.00083 2.381  0.049   -109.36838 0.00049 2.376  0.013   -109.36453 0.00084 2.446  0.059   -109.36619 0.00083 2.404  0.027   -109.41542 0.00095 3.051  0.022 
                                                                                                                                                                    
                                                                                                                                                                    
O2  cc-pvtz  01  -150.0940  0.0011  4.394  0.054   -150.15759 0.00068 4.517  0.032   -150.1499  0.0011  4.462  0.039   -150.1531  0.0011  4.497  0.056   -150.1955  0.0012  5.180  0.059 
O2  cc-pvtz  02  -150.1236  0.0011  4.410  0.047   -150.15149 0.00069 4.605  0.048   -150.1414  0.0011  4.610  0.095   -150.1554  0.0011  4.572  0.061   -150.1955  0.0012  5.288  0.046 
O2  cc-pvtz  03  -150.1151  0.0011  4.402  0.048   -150.15842 0.00068 4.593  0.043   -150.1491  0.0011  4.484  0.049   -150.1542  0.0011  4.535  0.070   -150.1936  0.0012  5.323  0.048 
O2  cc-pvtz  04  -150.1204  0.0011  4.45   0.13    -150.15634 0.00068 4.500  0.026   -150.1503  0.0011  4.511  0.049   -150.1546  0.0011  4.542  0.076   -150.1944  0.0012  5.279  0.041 
O2  cc-pvtz  05  -150.1183  0.0011  4.65   0.48    -150.15617 0.00068 4.519  0.030   -150.1522  0.0012  5.1    1.0     -150.1539  0.0011  4.447  0.042   -150.1945  0.0012  5.424  0.066 
O2  cc-pvtz  06  -150.0339  0.0012  4.425  0.095   -150.15647 0.00068 4.488  0.026   -150.1476  0.0011  4.510  0.072   -150.1533  0.0011  4.539  0.054   -150.1957  0.0012  5.281  0.052 
O2  cc-pvtz  07  -150.0588  0.0011  4.392  0.049   -150.15586 0.00069 4.650  0.092   -150.1514  0.0011  4.508  0.070   -150.1545  0.0011  4.545  0.073   -150.1956  0.0012  5.133  0.047 
O2  cc-pvtz  08  -150.1165  0.0011  4.452  0.059   -150.15756 0.00068 4.570  0.054   -150.1533  0.0011  4.549  0.061   -150.1532  0.0011  4.503  0.050   -150.1943  0.0012  5.260  0.053 
O2  cc-pvtz  09  -150.1405  0.0011  4.430  0.082   -150.15649 0.00068 4.508  0.026   -150.1527  0.0011  4.503  0.075   -150.1542  0.0011  4.515  0.070   -150.1946  0.0012  5.283  0.051 
O2  cc-pvtz  10  -150.1225  0.0011  4.439  0.072   -150.15813 0.00068 4.496  0.039   -150.1495  0.0011  4.494  0.042   -150.1547  0.0011  4.514  0.059   -150.1929  0.0012  5.373  0.093 
#----------------------------------------------------------------------------------------------------------------------------------------------------------------------------------------
