# C cc-pvtz (nwalk=300k)
#  nopt  in     VMC var            Eref           E_ST-FCIQMC
#100000   01   0.509(4) -37.773679782585077 -37.8422279(7)    -37.8422153(7)
100000   02   0.500(2) -37.779497347699447 -37.8427078(7)    -37.8426980(7)
100000   03   0.506(6) -37.779300562779106 -37.8429929(7)    -37.8429855(6)
100000   04   0.503(3) -37.778382249027750 -37.8431870(7)    -37.8431799(7)
100000   05   0.498(2) -37.778517603082349 -37.8424420(7)    -37.8424337(7)
100000   06   0.500(2) -37.778578623598314 -37.8428733(7)    -37.842865(1) 
100000   07   0.501(3) -37.778338609659109 -37.8427846(8)    -37.8427745(8)
100000   08   0.505(4) -37.777870757636755 -37.8425028(8)    -37.8424943(6)
100000   09   0.505(8) -37.779974950039680 -37.843131(1)     -37.8431231(6)
100000   10   0.498(2) -37.779158797588046 -37.8427043(8)    -37.8426974(6)
