# N2 cc-pvdz (nwalk=1M)
#  nopt  in     VMC var            Eref           E_ST-FCIQMC
100000   01   4.16(1) -109.23973575915426 -109.47297(2)    -109.47323(1) 
100000   02   4.20(3) -109.23615806877579 -109.47255(1)    -109.47260(1) 
100000   03   4.17(1) -109.23590744596261 -109.47255(1)    -109.47261(1) 
100000   04   4.18(1) -109.23521210832978 -109.47139(3)    -109.471447(8)
100000   05   4.20(3) -109.23853764721770 -109.47373(1)    -109.47381(1) 
100000   06   4.20(2) -109.23987061571685 -109.47386(2)    -109.47391(2) 
100000   07   4.19(1) -109.23519641999827 -109.47095(1)    -109.47098(2) 
#100000   08   4.3(2)  -109.22808428426002 -109.46920(1)    -109.46931(2) 
100000   09   4.19(2) -109.23933254469121 -109.47309(2)    -109.47319(2) 
100000   10   4.20(6) -109.23680501685770 -109.47392(2)    -109.47397(1) 
