# C atom cc-pvdz (nwalk=20k)
#  nopt  in     VMC var            Eref           E_ST-FCIQMC
  10000  01  0.671406040287  -37.774116062087430 -37.829221(2) 
  10000  02  0.665606579322  -37.777379928251314 -37.830617(1) 
  10000  03  0.761470451317  -37.776313729158254 -37.829011(1) 
  10000  04  0.574751718358  -37.775020221336987 -37.828982(1) 
  10000  05  0.775450542566  -37.773941333605123 -37.829364(2) 
  10000  06  0.613915947386  -37.777805047227076 -37.831127(2) 
  10000  07  0.784332852960  -37.781835315814028 -37.830056(1) 
  10000  08  0.565268920088  -37.777317134769881 -37.830218(2) 
  10000  09  0.525543931355  -37.778466607242905 -37.830975(1) 
  10000  10  0.628196033143  -37.778739041355976 -37.831403(2) 
  10000  11  0.559121860474  -37.778175443151227 -37.830703(1) 
  10000  12  0.495848793519  -37.774360984389318 -37.830181(1) 
  10000  13  0.808514687725  -37.776426946614755 -37.830837(4) 
  10000  14  0.530126537243  -37.776332749018060 -37.831316(2) 
  10000  15  0.760815385852  -37.776455994537365 -37.8291772(9)
  10000  16  0.536295017914  -37.775253856754965 -37.828558(1) 
  10000  17  0.497476897299  -37.770794077653250 -37.828033(1) 
  10000  18  0.522657816027  -37.778071009161295 -37.830469(2) 
  10000  19  0.502752399516  -37.776386563310986 -37.829898(2) 
  10000  20  0.580952885220  -37.778301454554779 -37.830579(2) 


  30000  01  0.617275268932  -37.776962190210035 -37.830589(2) 
  30000  02  0.759455306869  -37.777224143865418 -37.829810(1) 
  30000  03  0.726761378760  -37.773567302081162 -37.828813(1) 
  30000  04  1.435456855409  -37.774548787618784 -37.829631(2) 
  30000  05  0.660768421126  -37.775107988465386 -37.828892(2) 
  30000  06  0.873600039912  -37.774452963271095 -37.828968(1) 
  30000  07  0.880059706198  -37.775028754862838 -37.829910(2) 
  30000  08  0.931368315178  -37.775896017548568 -37.829579(1) 
  30000  09  0.599645192010  -37.775392087321769 -37.829334(2) 
  30000  10  0.681857302490  -37.778541511128935 -37.830574(2) 
  30000  11  0.649498339336  -37.775597180898778 -37.829856(1) 
  30000  12  0.730564206221  -37.777105277248324 -37.830203(2) 
  30000  13  0.636010282193  -37.773769591490023 -37.828434(2) 
  30000  14  0.740325937703  -37.773878953780269 -37.828988(3) 
  30000  15  0.621779021257  -37.776617292754040 -37.830018(1) 
  #30000  16  0.681169411701  -37.772044782958112 -37.827570(1) 
  30000  17  0.889583720953  -37.775380239006687 -37.829788(2) 
  30000  18  0.615557907388  -37.777806885193812 -37.830677(2) 
  30000  19  0.660712329212  -37.777471663839869 -37.829086(1) 
  30000  20  0.764847200510  -37.775571251391831 -37.829240(1) 


 100000  01  0.763376286106  -37.775714260005103 -37.829291(2) 
 100000  02  0.695973803000  -37.775557138857785 -37.829408(2) 
 100000  03  0.766791198692  -37.774865137991746 -37.828911(2) 
 100000  04  0.752118501918  -37.775463729834300 -37.829644(1) 
 100000  05  0.688502423900  -37.774731062647405 -37.828936(2) 
 100000  06  0.761502114878  -37.775426476419881 -37.829494(2) 
 100000  07  0.827282287760  -37.775267072196748 -37.829257(1) 
 100000  08  0.818657589989  -37.776012818043611 -37.829949(1) 
 100000  09  0.815751696004  -37.775340050305445 -37.828867(1) 
 100000  10  0.761564010682  -37.775082560236818 -37.829251(2) 
 100000  11  0.673441252294  -37.775838289107831 -37.829801(1) 
 100000  12  0.743262554403  -37.774606221840877 -37.828961(1) 
 100000  13  0.703907318841  -37.776346162140939 -37.829833(2) 
 100000  14  0.687188940515  -37.775787278500900 -37.829723(1) 
 100000  15  0.785999899285  -37.775075010783034 -37.828675(1) 
 100000  16  0.748585951309  -37.775719025983953 -37.829766(2) 
 100000  17  0.719986368804  -37.775532374027378 -37.829534(1) 
 100000  18  0.811438902276  -37.774501838040266 -37.828754(2) 
 100000  19  0.762922032232  -37.775522906665557 -37.8293945(9)
 100000  20  0.762258793127  -37.776419616466782 -37.830125(1) 


 300000  01  0.703684805034  -37.775834717214018 -37.829570(2) 
 300000  02  0.792427606473  -37.775845805655699 -37.829619(1) 
 300000  03  0.764639244317  -37.775816095941877 -37.829504(1) 
 300000  04  0.727679878551  -37.775544907295803 -37.829310(2) 
 300000  05  0.765432555512  -37.774540997126309 -37.828954(1) 
 300000  06  0.721662991440  -37.775314346289484 -37.829291(2) 
 300000  07  0.762603556205  -37.775330352986217 -37.829323(1) 
 300000  08  0.722186152758  -37.775649800917840 -37.829633(2) 
 300000  09  0.762691872517  -37.775432927095004 -37.829186(2) 
 300000  10  0.791590704414  -37.775471247679761 -37.829415(1) 
 300000  11  0.716577976448  -37.775455055738867 -37.829552(2) 
 300000  12  0.749231741195  -37.775327718614484 -37.829425(1) 
 300000  13  0.758423352797  -37.775486877754886 -37.829160(1) 
 300000  14  0.746094894315  -37.775555629172821 -37.829001(1) 
 300000  15  0.773529062328  -37.775094169302562 -37.829095(1) 
# 300000  16  0.732121685660  -37.774136330602872 -37.828422(1) 
 300000  17  0.723772134945  -37.775242938519277 -37.829340(1) 
 300000  18  0.715766499442  -37.776189259964667 -37.829822(1) 
 300000  19  0.746677401243  -37.776215878650142 -37.829722(2) 
 300000  20  0.706303346435  -37.775408188001492 -37.828987(2) 


1000000  01  0.751234826885  -37.775429300121345 -37.829215(1) 
1000000  02  0.768035541364  -37.775571235415455 -37.829416(1) 
1000000  03  0.763572759557  -37.775652858763365 -37.829314(1) 
1000000  04  0.757435007553  -37.775344789908679 -37.829341(1) 
1000000  05  0.740345671689  -37.775695812788754 -37.829501(2) 
1000000  06  0.741365520727  -37.775570304479359 -37.829359(2) 
1000000  07  0.749006918233  -37.775504088425464 -37.829411(2) 
1000000  08  0.757859218286  -37.774774310086833 -37.828978(2) 
1000000  09  0.733074296975  -37.775264612709222 -37.829287(2) 
1000000  10  0.744467849289  -37.775326765344815 -37.829357(2) 
1000000  11  0.771898338239  -37.775870186437437 -37.829397(2) 
1000000  12  0.778582802112  -37.775197586118139 -37.829288(2) 
1000000  13  0.725731657656  -37.775053653804420 -37.829135(1) 
1000000  14  0.749540554269  -37.775242793223583 -37.829155(1) 
1000000  15  0.750533720356  -37.775445104088028 -37.829328(1) 
1000000  16  0.743539874547  -37.775808988308604 -37.829578(3) 
1000000  17  0.749072255182  -37.775809897727626 -37.829514(2) 
1000000  18  0.767452828752  -37.775746031280541 -37.829490(2) 
1000000  19  0.747818039727  -37.775510492104061 -37.829382(2) 
1000000  20  0.754644849467  -37.775791765231283 -37.829613(1) 
