# N2 cc-pvtz (nwalk=3M)
#  nopt  in     VMC var            Eref           E_ST-FCIQMC
100000   01   2.68(1) -109.25749449543424 -109.53078(1)    -109.53081(1) 
100000   02   2.68(1) -109.25780858082800 -109.53148(4)    -109.531455(5)
100000   03   2.68(1) -109.25508381433239 -109.53044(3)    -109.53040(2) 
100000   04   2.74(8) -109.25468764674116 -109.52936(4)    -109.52937(4) 
100000   05   2.68(1) -109.25314926454843 -109.52880(2)    -109.52874(1) 
100000   06   2.68(1) -109.25652052718274 -109.53035(2)    -109.530320(8)
100000   07   2.69(1) -109.25695459609513 -109.53041(1)    -109.530340(7)
100000   08   2.69(1) -109.25065480126324 -109.52898(1)    -109.52894(3) 
100000   09   2.69(1) -109.25327586915348 -109.52971(2)    -109.52966(2) 
100000   10   2.69(1) -109.25977714579729 -109.53133(1)    -109.531330(9)
