# O cc-pvtz (nwalk=300k)
#  nopt  in     VMC var            Eref           E_ST-FCIQMC
100000   01   2.28(1) -74.975032081796456 -75.057580(4)    -75.057552(3)
100000   02   2.30(1) -74.975992627654406 -75.057079(5)    -75.057053(3)
100000   03   2.28(1) -74.977539792696263 -75.057371(5)    -75.057336(4)
100000   04   2.30(2) -74.976947460528265 -75.057865(4)    -75.057822(4)
100000   05   2.33(7) -74.978103949742291 -75.057873(2)    -75.057856(4)
100000   06   2.28(1) -74.978161500007417 -75.057573(2)    -75.057528(4)
100000   07   2.29(1) -74.977700253962411 -75.058002(3)    -75.057973(3)
100000   08   2.29(1) -74.976015801095173 -75.057192(7)    -75.057158(2)
100000   09   2.29(2) -74.976528999262371 -75.057017(3)    -75.056994(6)
100000   10   2.28(1) -74.977380572725536 -75.057316(4)    -75.057286(2)
