# C2 molecule cc-pvtz (nwalk=1M)
 100000  01  1.263198918466  -75.613049122054932  -75.9194(2) 
 100000  02  1.300584532030  -75.612540820427185  -75.9186(2) 
 100000  03  1.708713555627  -75.611289984690146  -75.9184(1) 
 100000  04  1.288138708531  -75.611232901652187  -75.9182(2) 
 100000  05  1.242940020833  -75.613492260579179  -75.9193(2) 
 100000  06  1.300473126249  -75.615933103862105  -75.9199(1) 
 100000  07  1.233214893962  -75.612514030576904  -75.9191(1) 
 100000  08  1.299473916846  -75.613838047017850  -75.9196(1) 
 100000  09  1.213123217902  -75.613374423145899  -75.9191(2) 
 100000  10  1.237880318526  -75.611864718633939  -75.91821(9)
