# C atom cc-pvtz (nwalk=50k)
  10000  01  0.475147663672  -37.779213794759656  -37.844102(6)
  10000  02  0.365512669235  -37.779454789727758  -37.843648(4)
  10000  03  0.409019869504  -37.777988055145229  -37.842768(5)
  10000  04  0.566089966100  -37.775674909171279  -37.842194(3)
  10000  05  0.381937481841  -37.780124527481227  -37.844053(5)
  10000  06  0.343914652915  -37.778179059475995  -37.843967(3)
  10000  07  0.451066097046  -37.777546066655752  -37.843398(3)
  10000  08  0.412914086074  -37.778788244491444  -37.843149(3)
  10000  09  0.495584927224  -37.778669329437264  -37.843400(3)
  10000  10  0.373247889258  -37.779960498101275  -37.842736(3)
  10000  11  0.438232168631  -37.779727260580948  -37.843406(4)
  #10000  12  0.482189502258  -37.777513584122616  -37.841010(4)
  10000  13  0.437439828570  -37.780680602140627  -37.843191(4)
  10000  14  0.412998386102  -37.780433686161096  -37.843374(4)
  10000  15  0.466624347261  -37.779922063381292  -37.844776(4)
  10000  16  0.370732102500  -37.776771018359696  -37.842357(5)
  10000  17  0.387066581589  -37.780894568355720  -37.843612(5)
  10000  18  0.395186766935  -37.778663191079836  -37.843692(3)
  10000  19  0.371584921338  -37.781637126396298  -37.843509(4)
  10000  20  0.381082788612  -37.781442572427913  -37.842087(4)


  30000  01  0.483374910210  -37.780887070482592  -37.842900(3)
  30000  02  0.423668656672  -37.781013958232741  -37.842621(4)
  30000  03  0.437957713777  -37.778881782069632  -37.842556(4)
  30000  04  0.490393392798  -37.777991342893394  -37.842649(3)
  30000  05  0.521636049517  -37.780043488869367  -37.842727(5)
  30000  06  0.421004418321  -37.778428538467615  -37.842328(3)
  30000  07  0.449636436231  -37.779121413017052  -37.843298(4)
  30000  08  0.440656363718  -37.777035640082438  -37.843097(4)
  30000  09  0.460202985293  -37.777115619118945  -37.843070(4)
  #30000  10  0.411220548963  -37.776637099897457  -37.841360(4)
  30000  11  0.511386268338  -37.779623722607255  -37.843222(3)
  30000  12  0.514060145952  -37.780195495995912  -37.843113(4)
  30000  13  0.539337965391  -37.777839365207413  -37.842313(3)
  30000  14  0.437332216189  -37.778636554982278  -37.842470(4)
  30000  15  0.431302694264  -37.779271923495585  -37.842584(4)
  30000  16  0.390699080635  -37.779231866968509  -37.843125(4)
  30000  17  0.464526874822  -37.779887967379786  -37.843306(4)
  30000  18  0.467680195422  -37.777957447054277  -37.841758(4)
  30000  19  0.597171396172  -37.779333316517288  -37.842845(4)
  30000  20  0.473904669312  -37.778764898049673  -37.843145(4)


 100000  01  0.463736471877  -37.777452637656204  -37.842379(3)
 100000  02  0.496251441800  -37.777727419868413  -37.842615(4)
 100000  03  0.499794622126  -37.779011247882053  -37.842711(4)
 100000  04  0.557912648605  -37.779693436409048  -37.843182(3)
 100000  05  0.465991873614  -37.779401302556323  -37.842539(4)
 #100000  06  0.474657921936  -37.771735817790251  -37.842804(4)
 100000  07  0.530827827892  -37.778182010356133  -37.842542(3)
 #100000  08  0.437443770151  -37.775619207052763  -37.842662(3)
 100000  09  0.488848887495  -37.779542826231804  -37.842871(4)
 100000  10  0.477409237064  -37.779347266376234  -37.842866(3)
 100000  11  0.463253333151  -37.779355751252666  -37.842808(4)
 100000  12  0.496162248166  -37.778864618008328  -37.842655(4)
 100000  13  0.452836708782  -37.779344217641622  -37.842816(4)
 100000  14  0.493749157309  -37.778669830744477  -37.842549(4)
 100000  15  0.473197652676  -37.778693205453401  -37.842135(3)
 100000  16  0.449938695566  -37.778714194213336  -37.842659(3)
 100000  17  0.518474825339  -37.779378408649308  -37.842758(4)
 100000  18  0.466972309325  -37.779008844826400  -37.842880(4)
 100000  19  0.471815612587  -37.779391014957532  -37.842453(4)
 100000  20  0.548995070952  -37.779494666691782  -37.842631(3)


 300000  01  0.484187121996  -37.779080773509108  -37.842762(3)
 300000  02  0.462118314879  -37.779110635284411  -37.842699(4)
 300000  03  0.472014607442  -37.778853694181052  -37.842843(3)
 300000  04  0.483365979610  -37.779414696292605  -37.842951(5)
 300000  05  0.479825063001  -37.779236322298843  -37.842658(4)
 300000  06  0.529470641729  -37.778566094974089  -37.842698(4)
 300000  07  0.488166161267  -37.778854785690143  -37.842374(3)
 300000  08  0.514452348808  -37.779064186958500  -37.842560(5)
 300000  09  0.466328291135  -37.779049688652584  -37.842573(4)
 300000  10  0.479438035596  -37.778738341227942  -37.842719(3)
 300000  11  0.473825221115  -37.778595917324907  -37.842764(4)
 300000  12  0.497043981225  -37.779158132761218  -37.842956(3)
 300000  13  0.513488084659  -37.778975871927777  -37.842920(4)
 300000  14  0.499437443586  -37.778222061167511  -37.842366(5)
 300000  15  0.552534640906  -37.779326437645004  -37.842773(6)
 300000  16  0.481214467281  -37.778315809807594  -37.842599(5)
 300000  17  0.496572628704  -37.778657018041017  -37.842590(4)
 300000  18  0.474927801261  -37.777953943309754  -37.842693(3)
 300000  19  0.479525344394  -37.778774964029282  -37.842862(3)
 300000  20  0.500196525371  -37.778463463411995  -37.842732(3)


1000000  01  0.495266152544  -37.778812012222609  -37.842883(3)
1000000  02  0.485138840510  -37.778876232154779  -37.842708(3)
1000000  03  0.493161514631  -37.778642846500894  -37.842691(3)
#1000000  04  0.508495860852  -37.778374306257376  -37.842636(3)
1000000  05  0.500876193336  -37.778778605760508  -37.842597(3)
1000000  06  0.501976911108  -37.778763189280589  -37.842681(3)
1000000  07  0.491888840767  -37.778593741174625  -37.842651(4)
1000000  08  0.500085538861  -37.778885317881574  -37.842719(4)
1000000  09  0.506877382647  -37.778831801328081  -37.842758(4)
1000000  10  0.496031468022  -37.778527180684961  -37.842656(3)
1000000  11  0.479507985275  -37.778860075854340  -37.842689(3)
1000000  12  0.497802549654  -37.778903031358482  -37.842821(3)
1000000  13  0.480235740682  -37.779053210783601  -37.842762(3)
1000000  14  0.480641306855  -37.778734541230754  -37.842675(4)
1000000  15  0.508383645819  -37.778825294296311  -37.842695(3)
1000000  16  0.494211869151  -37.778928164079140  -37.842797(4)
1000000  17  0.510580979154  -37.778884768789574  -37.842791(4)
1000000  18  0.537598154129  -37.778707453366700  -37.842635(3)
1000000  19  0.509811563691  -37.779021481395333  -37.842845(5)
1000000  20  0.510881977484  -37.778956864516203  -37.842768(3)
