# O cc-pvdz (nwalk=300k)
#  nopt  in     VMC var            Eref           E_ST-FCIQMC
100000   01   3.99(2) -74.968564556580603 -75.0247775(4)    -75.0247740(3)
100000   02   4.06(8) -74.965523854535107 -75.0222169(3)    -75.0222136(3)
100000   03   4.01(2) -74.963223697499572 -75.0225965(2)    -75.0225917(2)
100000   04   4.02(3) -74.969434756046880 -75.0252136(2)    -75.0252097(4)
100000   05   4.01(2) -74.959103054255493 -75.0218927(2)    -75.0218897(3)
100000   06   3.98(1) -74.968387461425493 -75.0250679(2)    -75.0250642(3)
100000   07   3.99(2) -74.964506919859147 -75.0231083(2)    -75.0231039(2)
100000   08   3.99(2) -74.963640755803468 -75.0235539(4)    -75.0235494(5)
100000   09   4.00(2) -74.963875231803314 -75.0229931(2)    -75.0229889(4)
100000   10   4.01(2) -74.963629363566781 -75.0217898(4)    -75.0217855(2)
